8.799500000000000000e+03
8.799499999532243237e+03
8.799499999045523509e+03
8.799499998651399437e+03
8.799499998456551111e+03
8.799499998557199433e+03
8.799499999034009306e+03
8.799499999947851393e+03
8.799500001336597052e+03
8.799500003213119271e+03
8.799500005564612366e+03
8.799500008353257726e+03
8.799500011518224710e+03
8.799500014978866602e+03
8.799500018638955225e+03
8.799500022391768653e+03
8.799500026125677323e+03
8.799500029730052120e+03
8.799500033101063309e+03
8.799500036147172068e+03
8.799500038793918065e+03
8.799500040987863031e+03
8.799500042699395635e+03
8.799500043924292186e+03
8.799500044683936721e+03
8.799500045024193241e+03
8.799500045012997361e+03
8.799500044736771088e+03
8.799500044295873522e+03
8.799500043799333071e+03
8.799500043359073970e+03
8.799500043084062781e+03
8.799500043074544010e+03
8.799500043416770495e+03
8.799500044178470489e+03
8.799500045405286073e+03
8.799500047118352086e+03
8.799500049313204727e+03
8.799500051960014389e+03
8.799500055005155446e+03
8.799500058374036598e+03
8.799500061975020799e+03
8.799500065704285589e+03
8.799500069451241870e+03
8.799500073104401963e+03
8.799500076557233115e+03
8.799500079713769082e+03
8.799500082493668742e+03
8.799500084836443420e+03
8.799500086704649220e+03
8.799500088085838797e+03
8.799500088993241661e+03
8.799500089465051133e+03
8.799500089562410722e+03
8.799500089366198154e+03
8.799500088972758022e+03
8.799500088488832262e+03
8.799500088025926743e+03
8.799500087694443209e+03
8.799500087597873062e+03
8.799500087827316747e+03
8.799500088456710728e+03
8.799500089538911197e+03
8.799500091102925580e+03
8.799500093152371846e+03
8.799500095665289336e+03
8.799500098595290183e+03
8.799500101874011307e+03
8.799500105414701466e+03
8.799500109116790554e+03
8.799500112871195597e+03
8.799500116566054203e+03
8.799500120092630823e+03
8.799500123351024740e+03
8.799500126255441501e+03
8.799500128738727653e+03
8.799500130755875944e+03
8.799500132286424559e+03
8.799500133335530336e+03
8.799500133933695906e+03
8.799500134135170811e+03
8.799500134015093863e+03
8.799500133665531393e+03
8.799500133190646011e+03
8.799500132701214170e+03
8.799500132308774482e+03
8.799500132119779664e+03
8.799500132229975861e+03
8.799500132719369503e+03
8.799500133648018164e+03
8.799500135052858241e+03
8.799500136945775012e+03
8.799500139312962347e+03
8.799500142115661220e+03
8.799500145292196976e+03
8.799500148761224409e+03
8.799500152426015120e+03
8.799500156179539772e+03
8.799500159910116054e+03
8.799500163507280377e+03
8.799500166867612279e+03
8.799500169900158653e+03
8.799500172531241333e+03
8.799500174708329723e+03
8.799500176402794750e+03
8.799500177611427716e+03
8.799500178356596734e+03
8.799500178685066203e+03
8.799500178665537533e+03
8.799500178385029358e+03
8.799500177944290044e+03
8.799500177452478965e+03
8.799500177021443960e+03
8.799500176759802343e+03
8.799500176767240191e+03
8.799500177129244548e+03
8.799500177912619620e+03
8.799500179161956112e+03
8.799500180897284736e+03
8.799500183113035746e+03
8.799500185778308150e+03
8.799500188838532267e+03
8.799500192218309166e+03
8.799500195825417904e+03
8.799500199555654035e+03
8.799500203298313863e+03
8.799500206942051591e+03
8.799500210380723729e+03
8.799500213518993405e+03
8.799500216277348954e+03
8.799500218596296691e+03
8.799500220439489567e+03
8.799500221795646212e+03
8.799500222679163926e+03
8.799500223129325605e+03
8.799500223208267926e+03
8.799500222997692617e+03
8.799500222594564548e+03
8.799500222106007641e+03
8.799500221643673285e+03
8.799500221317834075e+03
8.799500221231608521e+03
8.799500221475498620e+03
8.799500222122653213e+03
8.799500223224977162e+03
8.799500224810431973e+03
8.799500226881536946e+03
8.799500229415245485e+03
8.799500232364147450e+03
8.799500235658972088e+03
8.799500239212235101e+03
8.799500242922826146e+03
8.799500246681349381e+03
8.799500250375875112e+03
8.799500253897829680e+03
8.799500257147718003e+03
8.799500260040353169e+03
8.799500262509349341e+03
8.799500264510608758e+03
8.799500266024653683e+03
8.799500267057630481e+03
8.799500267641020400e+03
8.799500267829947916e+03
8.799500267700295808e+03
8.799500267344712483e+03
8.799500266867722530e+03
8.799500266380231551e+03
8.799500265993683570e+03
8.799500265814202066e+03
8.799500265936992946e+03
8.799500266441342319e+03
8.799500267386432824e+03
8.799500268808245892e+03
8.799500270717655440e+03
8.799500273099860351e+03
8.799500275915164821e+03
8.799500279101092019e+03
8.799500282575641904e+03
8.799500286241633148e+03
8.799500289991829050e+03
8.799500293714558211e+03
8.799500297299629892e+03
8.799500300644109302e+03
8.799500303657756376e+03
8.799500306267780616e+03
8.799500308422653688e+03
8.799500310094837914e+03
8.799500311282243274e+03
8.799500312008305627e+03
8.799500312320784360e+03
8.799500312289226713e+03
8.799500312001311613e+03
8.799500311558211251e+03
8.799500311069294185e+03
8.799500310646335492e+03
8.799500310397626890e+03
8.799500310422292387e+03
8.799500310805042318e+03
8.799500311611738653e+03
8.799500312885886160e+03
8.799500314646371407e+03
8.799500316886449582e+03
8.799500319574104651e+03
8.799500322653733747e+03
8.799500326049064824e+03
8.799500329667193000e+03
8.799500333403449986e+03
8.799500337146939273e+03
8.799500340786349625e+03
8.799500344215846781e+03
8.799500347340628650e+03
8.799500350081929355e+03
8.799500352381157427e+03
8.799500354202999006e+03
8.799500355537267751e+03
8.799500356399448719e+03
8.799500356829885277e+03
8.799500356891661795e+03
8.799500356667267624e+03
8.799500356254276994e+03
8.799500355760195816e+03
8.799500355296817361e+03
8.799500354974326910e+03
8.799500354895497367e+03
8.799500355150295945e+03
8.799500355811134796e+03
8.799500356929052941e+03
8.799500358531036909e+03
8.799500360618614650e+03
8.799500363167739124e+03
8.799500366130101611e+03
8.799500369435632820e+03
8.799500372996200895e+03
8.799500376710284399e+03
8.799500380468267394e+03
8.799500384158243833e+03
8.799500387671905628e+03
8.799500390910225178e+03
8.799500393788694055e+03
8.799500396241743147e+03
8.799500398226218749e+03
8.799500399723634473e+03
8.799500400741151680e+03
8.799500401311190217e+03
8.799500401489734941e+03
8.799500401353368943e+03
8.799500400995249947e+03
8.799500400520191761e+03
8.799500400039156375e+03
8.799500399663391363e+03
8.799500399498598199e+03
8.799500399639335228e+03
8.799500400164050006e+03
8.799500401130962928e+03
8.799500402574976761e+03
8.799500404505863116e+03
8.799500406907725846e+03
8.799500409739857787e+03
8.799500412938883528e+03
8.799500416422095441e+03
8.799500420091808337e+03
8.799500423840514486e+03
8.799500427556547947e+03
8.799500431129961726e+03
8.799500434458313975e+03
8.799500437452090409e+03
8.799500440039391833e+03
8.799500442169743110e+03
8.799500443816741608e+03
8.799500444979466920e+03
8.799500445682499048e+03
8.799500445974652393e+03
8.799500445926409157e+03
8.799500445626175861e+03
8.799500445175663117e+03
8.799500444684512331e+03
8.799500444264525868e+03
8.799500444023768068e+03
8.799500444060891823e+03
8.799500444459921709e+03
8.799500445285837486e+03
8.799500446581152573e+03
8.799500448363665782e+03
8.799500450625531812e+03
8.799500453333654150e+03
8.799500456431447674e+03
8.799500459841790871e+03
8.799500463471114927e+03
8.799500467214294986e+03
8.799500470960210805e+03
8.799500474597585708e+03
8.799500478020847368e+03
8.799500481135675727e+03
8.799500483863983391e+03
8.799500486148011987e+03
8.799500487953398988e+03
8.799500489270949402e+03
8.799500490117152367e+03
8.799500490533297125e+03
8.799500490583299324e+03
8.799500490350341352e+03
8.799500489932499477e+03
8.799500489437561555e+03
8.799500488977357236e+03
8.799500488661898999e+03
8.799500488593543196e+03
8.799500488861649501e+03
8.799500489537842441e+03
8.799500490672260639e+03
8.799500492290913826e+03
8.799500494394313137e+03
8.799500496957449286e+03
8.799500499931114973e+03
8.799500503244500578e+03
8.799500506808908540e+03
8.799500510522444529e+03
8.799500514275376190e+03
8.799500517955915711e+03
8.799500521456106071e+03
8.799500524677507201e+03
8.799500527536381924e+03
8.799500529968101546e+03
8.799500531930549187e+03
8.799500533406338945e+03
8.799500534403734491e+03
8.799500534956196134e+03
8.799500535120634595e+03
8.799500534974407856e+03
8.799500534611230250e+03
8.799500534136253918e+03
8.799500533660524525e+03
8.799500533295115019e+03
8.799500533145288500e+03
8.799500533304952114e+03
8.799500533851711225e+03
8.799500534842758498e+03
8.799500536311890755e+03
8.799500538267704542e+03
8.799500540693161383e+03
8.799500543546459085e+03
8.799500546763250895e+03
8.799500550260030650e+03
8.799500553938525627e+03
8.799500557690869755e+03
8.799500561405297049e+03
8.799500564972016946e+03
8.799500568289005969e+03
8.799500571267371924e+03
8.799500573836039621e+03
8.799500575945505261e+03
8.799500577570437599e+03
8.799500578711014896e+03
8.799500579392915824e+03
8.799500579665980695e+03
8.799500579601581194e+03
8.799500579288855079e+03
8.799500578830036829e+03
8.799500578335060709e+03
8.799500577915765462e+03
8.799500577680037168e+03
8.799500577726097617e+03
8.799500578137342018e+03
8.799500578977967962e+03
8.799500580289568461e+03
8.799500582088950978e+03
8.799500584367255215e+03
8.799500587090422414e+03
8.799500590200988881e+03
8.799500593621098233e+03
8.799500597256605033e+03
8.799500601002047915e+03
8.799500604746175668e+03
8.799500608377826211e+03
8.799500611791765550e+03
8.799500614894226601e+03
8.799500617607853201e+03
8.799500619875761913e+03
8.799500621664545179e+03
8.799500622966010269e+03
8.799500623797639491e+03
8.799500624201631581e+03
8.799500624242700724e+03
8.799500624004656856e+03
8.799500623585992798e+03
8.799500623094696493e+03
8.799500622642566668e+03
8.799500622339315669e+03
8.799500622286795988e+03
8.799500622573636065e+03
8.799500623270581855e+03
8.799500624426756985e+03
8.799500626067077974e+03
8.799500628190966381e+03
8.799500630772348813e+03
8.799500633761052086e+03
8.799500637085446215e+03
8.799500640656209725e+03
8.799500644371051749e+03
8.799500648120081678e+03
8.799500651791617202e+03
8.799500655278050544e+03
8.799500658481538267e+03
8.799500661319145365e+03
8.799500663727201754e+03
8.799500665664696498e+03
8.799500667115395117e+03
8.799500668088723614e+03
8.799500668619257340e+03
8.799500668764916554e+03
8.799500668603912345e+03
8.799500668230612064e+03
8.799500667750598950e+03
8.799500667275076921e+03
8.799500666915042530e+03
8.799500666775427817e+03
8.799500666949568767e+03
8.799500667514284942e+03
8.799500668525841320e+03
8.799500670016986987e+03
8.799500671995216180e+03
8.799500674442375384e+03
8.799500677315612847e+03
8.799500680549643221e+03
8.799500684060172716e+03
8.799500687748342898e+03
8.799500691505927534e+03
8.799500695221031492e+03
8.799500698783987900e+03
8.799500702093126165e+03
8.799500705060119799e+03
8.799500707614650310e+03
8.799500709708099748e+03
8.799500711316110028e+03
8.799500712439872586e+03
8.799500713106053809e+03
8.799500713365410775e+03
8.799500713290095518e+03
8.799500712969878805e+03
8.799500712507408025e+03
8.799500712012817530e+03
8.799500711597909685e+03
8.799500711370294084e+03
8.799500711427706847e+03
8.799500711852882887e+03
8.799500712709159416e+03
8.799500714037205398e+03
8.799500715852838766e+03
8.799500718146204235e+03
8.799500720882298992e+03
8.799500724002813513e+03
8.799500727429223844e+03
8.799500731066895241e+03
8.799500734810091672e+03
8.799500738547536457e+03
8.799500742168274883e+03
8.799500745567525883e+03
8.799500748652177208e+03
8.799500751345709432e+03
8.799500753592228648e+03
8.799500755359380491e+03
8.799500756640081818e+03
8.799500757452882681e+03
8.799500757840976803e+03
8.799500757869944209e+03
8.799500757624276957e+03
8.799500757202933528e+03
8.799500756714129238e+03
8.799500756269637350e+03
8.799500755978888265e+03
8.799500755943199692e+03
8.799500756250468839e+03
8.799500756970506700e+03
8.799500758151374612e+03
8.799500759816855862e+03
8.799500761965191487e+03
8.799500764569182138e+03
8.799500767577610532e+03
8.799500770917935370e+03
8.799500774500133048e+03
8.799500778221407018e+03
8.799500781971624747e+03
8.799500785639120295e+03
8.799500789116547821e+03
8.799500792306567746e+03
8.799500795126970843e+03
8.799500797514989245e+03
8.799500799430619736e+03
8.799500800858733783e+03
8.799500801809874247e+03
8.799500802319696959e+03
8.799500802447098977e+03
8.799500802271128123e+03
8.799500801886813861e+03
8.799500801400157798e+03
8.799500800922574854e+03
8.799500800565008831e+03
8.799500800432108008e+03
8.799500800616689958e+03
8.799500801194879386e+03
8.799500802222093625e+03
8.799500803730119515e+03
8.799500805725443570e+03
8.799500808188906376e+03
8.799500811076719401e+03
8.799500814322751467e+03
8.799500817842033939e+03
8.799500821535222713e+03
8.799500825293816888e+03
8.799500829005897685e+03
8.799500832561989228e+03
8.799500835860837469e+03
8.799500838814748931e+03
8.799500841354187287e+03
8.799500843431438625e+03
8.799500845023127113e+03
8.799500846131442813e+03
8.799500846784019814e+03
8.799500847032475576e+03
8.799500846949702463e+03
8.799500846626015118e+03
8.799500846164406539e+03
8.799500845675098390e+03
8.799500845269771162e+03
8.799500845055650643e+03
8.799500845129881782e+03
8.799500845574393679e+03
8.799500846451608595e+03
8.799500847801142299e+03
8.799500849637721331e+03
8.799500851950406286e+03
8.799500854703175719e+03
8.799500857836821524e+03
8.799500861272070324e+03
8.799500864913765326e+03
8.799500868655870363e+03
8.799500872387063282e+03
8.799500875996600371e+03
8.799500879380151673e+03
8.799500882445299794e+03
8.799500885116398422e+03
8.799500887338572284e+03
8.799500889080598427e+03
8.799500890336561497e+03
8.799500891126153874e+03
8.799500891493658855e+03
8.799500891505591426e+03
8.799500891247220352e+03
8.799500890818073458e+03
8.799500890326677109e+03
8.799500889884864591e+03
8.799500889601871677e+03
8.799500889578574061e+03
8.799500889902208655e+03
8.799500890641735168e+03
8.799500891844218131e+03
8.799500893532356713e+03
8.799500895703276910e+03
8.799500898328671610e+03
8.799500901356310351e+03
8.799500904712762349e+03
8.799500908307289137e+03
8.799500912036597583e+03
8.799500915790276849e+03
8.799500919456630072e+03
8.799500922928538785e+03
8.799500926109110878e+03
8.799500928916781049e+03
8.799500931289592700e+03
8.799500933188484851e+03
8.799500934599323955e+03
8.799500935533658776e+03
8.799500936028125579e+03
8.799500936142499995e+03
8.799500935956557441e+03
8.799500935565874897e+03
8.799500935076808673e+03
8.799500934600870096e+03
8.799500934248882913e+03
8.799500934125131607e+03
8.799500934321882596e+03
8.799500934914525715e+03
8.799500935957592446e+03
8.799500937481916480e+03
8.799500939492983889e+03
8.799500941970653002e+03
8.799500944870236708e+03
8.799500948124832576e+03
8.799500951648860791e+03
8.799500955342566158e+03
8.799500959097280429e+03
8.799500962801141213e+03
8.799500966344983681e+03
8.799500969628088569e+03
8.799500972563480900e+03
8.799500975082528385e+03
8.799500977138524831e+03
8.799500978709180345e+03
8.799500979797769105e+03
8.799500980432965662e+03
8.799500980667331532e+03
8.799500980574546702e+03
8.799500980245518804e+03
8.799500979783600997e+03
8.799500979299144092e+03
8.799500978903688519e+03
8.799500978704068984e+03
8.799500978796810159e+03
8.799500979263022600e+03
8.799500980164139037e+03
8.799500981538669294e+03
8.799500983400184850e+03
8.799500985736582152e+03
8.799500988510735624e+03
8.799500991662454908e+03
8.799500995111633529e+03
8.799500998762490781e+03
8.799501002508599413e+03
8.799501006238499031e+03
8.799501009841573250e+03
8.799501013213863189e+03
8.799501016263555357e+03
8.799501018915809254e+03
8.799501021116711854e+03
8.799501022836102493e+03
8.799501024069191772e+03
8.799501024836781653e+03
8.799501025184195896e+03
8.799501025178902637e+03
8.799501024906929160e+03
8.799501024468370815e+03
8.799501023972106850e+03
8.799501023530072416e+03
8.799501023251348670e+03
8.799501023236443871e+03
8.799501023571985570e+03
8.799501024326167681e+03
8.799501025545159791e+03
8.799501027250666084e+03
8.799501029438786645e+03
8.799501032080239384e+03
8.799501035121867972e+03
8.799501038489461280e+03
8.799501042091664203e+03
8.799501045824777975e+03
8.799501049578209859e+03
8.799501053240315741e+03
8.799501056704259099e+03
8.799501059873646227e+03
8.799501062667595761e+03
8.799501065024993295e+03
8.799501066907710992e+03
8.799501068302604835e+03
8.799501069222224032e+03
8.799501069704121619e+03
8.799501069808897228e+03
8.799501069616984751e+03
8.799501069224439561e+03
8.799501068737852620e+03
8.799501068268749805e+03
8.799501067927725671e+03
8.799501067818595402e+03
8.799501068032959665e+03
8.799501068645358828e+03
8.799501069709349395e+03
8.799501071254691851e+03
8.799501073285795428e+03
8.799501075781459804e+03
8.799501078696017430e+03
8.799501081961736418e+03
8.799501085492385755e+03
8.799501089187777325e+03
8.799501092939046430e+03
8.799501096634394344e+03
8.799501100164978197e+03
8.799501103430626245e+03
8.799501106345140215e+03
8.799501108840824600e+03
8.799501110872051868e+03
8.799501112417679906e+03
8.799501113482143410e+03
8.799501114095248340e+03
8.799501114310576668e+03
8.799501114202690587e+03
8.799501113863185310e+03
8.799501113395868742e+03
8.799501112911309974e+03
8.799501112520987590e+03
8.799501112331443437e+03
8.799501112438654673e+03
8.799501112922982429e+03
8.799501113844939027e+03
8.799501115241988373e+03
8.799501117126581448e+03
8.799501119485503295e+03
8.799501122280544223e+03
8.799501125450537074e+03
8.799501128914549554e+03
8.799501132576164309e+03
8.799501136328539360e+03
8.799501140060043326e+03
8.799501143660134403e+03
8.799501147025166574e+03
8.799501150063850218e+03
8.799501152702074251e+03
8.799501154886791483e+03
8.799501156588823505e+03
8.799501157804386821e+03
8.799501158555302027e+03
8.799501158887844213e+03
8.799501158870289146e+03
8.799501158589362603e+03
8.799501158145621957e+03
8.799501157648204753e+03
8.799501157209062512e+03
8.799501156937074484e+03
8.799501156932306912e+03
8.799501157280757980e+03
8.799501158049832156e+03
8.799501159284778623e+03
8.799501161006332040e+03
8.799501163209595688e+03
8.799501165864334325e+03
8.799501168916533061e+03
8.799501172291273178e+03
8.799501175896666609e+03
8.799501179628690807e+03
8.799501183376683912e+03
8.799501187029149150e+03
8.799501190479650177e+03
8.799501193632400827e+03
8.799501196407310999e+03
8.799501198744213980e+03
8.799501200606013299e+03
8.799501201980656333e+03
8.799501202881754580e+03
8.799501203347868795e+03
8.799501203440468089e+03
8.799501203240703035e+03
8.799501202845118314e+03
8.799501202360570460e+03
8.799501201898599902e+03
8.799501201569553814e+03
8.799501201476763526e+03
8.799501201711111207e+03
8.799501202346249556e+03
8.799501203434689160e+03
8.799501205005064548e+03
8.799501207060613524e+03
8.799501209578997077e+03
8.799501212513487189e+03
8.799501215795427925e+03
8.799501219337838847e+03
8.799501223040006153e+03
8.799501226792788657e+03
8.799501230484360349e+03
8.799501234006105733e+03
8.799501237258331457e+03
8.799501240155537744e+03
8.799501242630907655e+03
8.799501244639837751e+03
8.799501246162273674e+03
8.799501247203790626e+03
8.799501247795284144e+03
8.799501247991365744e+03
8.799501247867465281e+03
8.799501247515876457e+03
8.799501247040896487e+03
8.799501246553332749e+03
8.799501246164680197e+03
8.799501245981227839e+03
8.799501246098472620e+03
8.799501246596115379e+03
8.799501247533829883e+03
8.799501248948134162e+03
8.799501250850469660e+03
8.799501253226584595e+03
8.799501256037321582e+03
8.799501259220618522e+03
8.799501262694822799e+03
8.799501266362969545e+03
8.799501270117900276e+03
8.799501273847887205e+03
8.799501277442523133e+03
8.799501280798531297e+03
8.799501283825193241e+03
8.799501286449147301e+03
8.799501288618219405e+03
8.799501290304204304e+03
8.799501291504300752e+03
8.799501292241300689e+03
8.799501292562368690e+03
8.799501292536549954e+03
8.799501292251148698e+03
8.799501291807115194e+03
8.799501291313737966e+03
8.799501290882883040e+03
8.799501290623107707e+03
8.799501290633936151e+03
8.799501291000626225e+03
8.799501291789680181e+03
8.799501293045337661e+03
