4.000000000000000222e-01 8.000000000000000000e+01 4.069451476848755078e+00
3.560000000000000386e-01 8.800000000000000000e+01 4.208787538609389145e+00
3.120000000000000551e-01 1.020000000000000000e+02 1.223779371982894659e+00
2.680000000000000160e-01 1.180000000000000000e+02 2.291251210885422829e+00
2.239999999999999769e-01 1.420000000000000000e+02 8.383579649095551645e-01
1.799999999999999933e-01 1.760000000000000000e+02 2.118406303853057171e+00
1.360000000000000098e-01 2.340000000000000000e+02 1.006345886757733510e+00
9.200000000000001232e-02 3.460000000000000000e+02 9.194170225588900180e-01
4.800000000000000794e-02 6.660000000000000000e+02 3.483978419752640776e-01
4.000000000000000083e-03 8.000000000000000000e+03 4.921042331330714031e-02
