4.000000000000000083e-03 1.500000000000000000e+03 1.410715766858922304e+00
4.800000000000000794e-02 1.200000000000000000e+02 1.190721033453308042e+00
9.200000000000001232e-02 6.000000000000000000e+01 1.982934874843029355e-02
1.360000000000000098e-01 4.200000000000000000e+01 2.133159447703155132e-01
1.799999999999999933e-01 3.000000000000000000e+01 8.689726233121813914e-01
2.239999999999999769e-01 2.400000000000000000e+01 8.578314829858174617e-01
2.680000000000000160e-01 1.800000000000000000e+01 3.852667828035569175e-01
3.120000000000000551e-01 1.800000000000000000e+01 2.851161742360274198e-01
3.560000000000000386e-01 1.200000000000000000e+01 6.701543014058826131e-01
4.000000000000000222e-01 1.200000000000000000e+01 1.216226745630461181e+00
