4.000000000000000222e-01 1.600000000000000000e+02 1.209912964174022090e+04
3.560000000000000386e-01 1.760000000000000000e+02 1.542070564237709368e+04
3.120000000000000551e-01 2.040000000000000000e+02 4.147533496750028235e+02
2.680000000000000160e-01 2.360000000000000000e+02 1.487225999179134760e+03
2.239999999999999769e-01 2.840000000000000000e+02 3.104665382325005794e+03
1.799999999999999933e-01 3.520000000000000000e+02 9.363909322419334558e+02
1.360000000000000098e-01 4.680000000000000000e+02 3.433581684819296953e+01
9.200000000000001232e-02 6.920000000000000000e+02 4.280852893007240367e-01
4.800000000000000794e-02 1.332000000000000000e+03 1.092592679925712407e+00
4.000000000000000083e-03 1.600000000000000000e+04 3.722139886848486670e-05
