8.799500000000000000e+03
8.808848727865388355e+03
8.800316398471164575e+03
8.785641400430638896e+03
8.786677762755194635e+03
8.794784623638133780e+03
8.805137989443050174e+03
8.807051212295238656e+03
8.791663935072614549e+03
8.783867702469595315e+03
8.790966635050619516e+03
8.800179572491881117e+03
8.808073447242606562e+03
8.800485082534492904e+03
8.785032453067153256e+03
8.786430193338090248e+03
8.796184343167395127e+03
8.804869137295667315e+03
8.806525043133304280e+03
8.791796358263298316e+03
8.783036910266468112e+03
8.791690920824348723e+03
8.801142756261002432e+03
8.807181719688720477e+03
8.800453916362223026e+03
8.784771868851061299e+03
8.785993023894803628e+03
8.797530265460112787e+03
8.804857251391080354e+03
8.805673693220649511e+03
8.792032259328218061e+03
8.782420159587829403e+03
8.792105716243211646e+03
8.802312202885383158e+03
8.806305788122072045e+03
8.800135059678694233e+03
8.784840492555284072e+03
8.785480124795212760e+03
8.798697522791002484e+03
8.805141718785096600e+03
8.804571461958830696e+03
8.792241331647044717e+03
8.782109388801045498e+03
8.792226467628073806e+03
8.803573879770672647e+03
8.805570487068407601e+03
8.799486794725809887e+03
8.785168838488025358e+03
8.785022168120376591e+03
8.799590387693584489e+03
8.805708628627169674e+03
8.803330424641537320e+03
8.792299358725522325e+03
8.782151076200068928e+03
8.792119319776938937e+03
8.804795627367697307e+03
8.805072757367368467e+03
8.798520629601429391e+03
8.785648669436692217e+03
8.784745014350530255e+03
8.800157773165601611e+03
8.806492976259587522e+03
8.802082173913309816e+03
8.792108876990541830e+03
8.782538606475289271e+03
8.791890015404243968e+03
8.805848705739848810e+03
8.804865761419654518e+03
8.797299648711292321e+03
8.786150939852792362e+03
8.784748879718859826e+03
8.800401391042307296e+03
8.807389283811935456e+03
8.800956359219668229e+03
8.791615433002818463e+03
8.783213358275126666e+03
8.791666275548854173e+03
8.806628786677632888e+03
8.804950211759358353e+03
8.795928381045607239e+03
8.786547151367065453e+03
8.785091711410264907e+03
8.800375227158901907e+03
8.808268890449013270e+03
8.800059553911321927e+03
8.790816760290799721e+03
8.784074333961536468e+03
8.791576559848061152e+03
8.807072938755622090e+03
8.805274339164894627e+03
8.794535852263779816e+03
8.786730607447825605e+03
8.785779505644919482e+03
8.800176420258369035e+03
8.809001068281480912e+03
8.799457925747621630e+03
8.789763365713142775e+03
8.784994747561522672e+03
8.791728701089876267e+03
8.807169811843577918e+03
8.805742505344634992e+03
8.793254607798669895e+03
8.786634070638425328e+03
8.786765161659901423e+03
8.799929045630986366e+03
8.809474490619306380e+03
8.799166560890245819e+03
8.788550428345964974e+03
8.785842842350348292e+03
8.792191929125656316e+03
8.806961346196738305e+03
8.806231043198327825e+03
8.792199156915336062e+03
8.786240917582326801e+03
8.787956060499438536e+03
8.799763471587793902e+03
8.809615521250001621e+03
8.799147196989088116e+03
8.787302342954628330e+03
8.786503513795252729e+03
8.792985241724245498e+03
8.806535725403518882e+03
8.806608718755203881e+03
8.791447382929505693e+03
8.785587956655215748e+03
8.789229122385813753e+03
8.799794685107593978e+03
8.809400316322626168e+03
8.799314737710672489e+03
8.786152450043360659e+03
8.786897181133712365e+03
8.794074035905810888e+03
8.806012732761219013e+03
8.806758448607219179e+03
8.791027976861252682e+03
8.784759444510007597e+03
8.790450866270504775e+03
8.800103152554740518e+03
8.808858748174543507e+03
8.799551476537710187e+03
8.785221286286832765e+03
8.786992803485591139e+03
8.795375554512045710e+03
8.805523920231969896e+03
8.806596700113765110e+03
8.790915960993501358e+03
8.783873285596331698e+03
8.791499172369049120e+03
8.800721364342425659e+03
8.808069505652156295e+03
8.799726689534320030e+03
8.784596932547447068e+03
8.786812899609987653e+03
8.796772252705810388e+03
8.805190852391931912e+03
8.806087382793621146e+03
8.791037038059022962e+03
8.783061684599400905e+03
8.792283168357202157e+03
8.801628277427867943e+03
8.807147176854645295e+03
8.799718373583376888e+03
8.784320691670502129e+03
8.786429745809191445e+03
8.798130886322082006e+03
8.805105004420482146e+03
8.805247945466353485e+03
8.791280050025281525e+03
8.782449434243077121e+03
8.792757968584406626e+03
8.802752570360875325e+03
8.806223439048728324e+03
8.799433553681303238e+03
8.784380451544924654e+03
8.785953377651239862e+03
8.799324182778234899e+03
8.805312621063862025e+03
8.804146675786339983e+03
8.791515496471183724e+03
8.782133409898684477e+03
8.792931842322770535e+03
8.803984175981482622e+03
8.805425449807449695e+03
8.798823818249526084e+03
8.784712824773634566e+03
8.785513369437909205e+03
8.800251530432518848e+03
8.805807027424094485e+03
8.802891645944897391e+03
8.791617065790358538e+03
8.782166643962029411e+03
8.792864632464135866e+03
8.805192195208113844e+03
8.804854993770837609e+03
8.797893526372135966e+03
8.785213712607772322e+03
8.785237388902953171e+03
8.800855283747183421e+03
8.806529656620552487e+03
8.801613122457139980e+03
8.791482636879189158e+03
8.782549599646967181e+03
8.792657685349578969e+03
8.806246245697209815e+03
8.804571815108978626e+03
8.796699336292402222e+03
8.785755555088649999e+03
8.785230055099273159e+03
8.801130002769081329e+03
8.807379625450990716e+03
8.800442333033523028e+03
8.791051296071664183e+03
8.783230079610619214e+03
8.792436948791992108e+03
8.807037734107101642e+03
8.804583877201570431e+03
8.795341132099729293e+03
8.786208429524163876e+03
8.785555577595447176e+03
8.801123107714429352e+03
8.808230283070373844e+03
8.799490082778964279e+03
8.790313569584495781e+03
8.784111784485685348e+03
8.792332019165847669e+03
8.807497553255279854e+03
8.804846151548530543e+03
8.793945840488417161e+03
8.786461526430262893e+03
8.786227033126104288e+03
8.800926841595333826e+03
8.808950010634143837e+03
8.798828736699264482e+03
8.789313187738423949e+03
8.785070113554706040e+03
8.792454584795761548e+03
8.807607293505363486e+03
8.805268134862382794e+03
8.792646798996360303e+03
8.786441469992754719e+03
8.787204044030198929e+03
8.800662863594367082e+03
8.809423850574399694e+03
8.798480531763359977e+03
8.788140090233369847e+03
8.785972608551255689e+03
8.792879812192933969e+03
8.807402124578651637e+03
8.805728857551022884e+03
8.791562068903756881e+03
8.786124469207385118e+03
8.788399240801125416e+03
8.800462008086695278e+03
8.809572407670815664e+03
8.798414140562956163e+03
8.786915822556853527e+03
8.786700677836426621e+03
8.793633737621159526e+03
8.806964874127674193e+03
8.806096914472049320e+03
8.790775259569891205e+03
8.785540300699649379e+03
8.789692446161174303e+03
8.800442539423143899e+03
8.809364912823806662e+03
8.798550051263926434e+03
8.785773725246328468e+03
8.787169027610156263e+03
8.794688738623743120e+03
8.806412277452407579e+03
8.806252222669103503e+03
8.790322017854732621e+03
8.784767467886023951e+03
8.790950247928798490e+03
8.800690480002122058e+03
8.808824300599793787e+03
8.798773878294281531e+03
8.784837174285097717e+03
8.787339604029857583e+03
8.795967831051837493e+03
8.805875660529643937e+03
8.806105926711612483e+03
8.790184404430163340e+03
8.783920332631190831e+03
8.792047741567315825e+03
8.801245248114553760e+03
8.808023465284142731e+03
8.798955413647419846e+03
8.784199451522865274e+03
8.787227753068500533e+03
8.797357085390614884e+03
8.805479234178563274e+03
8.805615176929930385e+03
8.790294081422709496e+03
8.783130336047321180e+03
8.792888866405060980e+03
8.802092968594188278e+03
8.807073311226267833e+03
8.798970284369601359e+03
8.783908555893420271e+03
8.786899585102841229e+03
8.798724120599401431e+03
8.805319570111409121e+03
8.804790349198565309e+03
8.790543786438436655e+03
8.782524397427174335e+03
8.793421990873150207e+03
8.803168557158087424e+03
8.806104563019080160e+03
8.798720653082737044e+03
8.783959453500279778e+03
8.786460978023342250e+03
8.799939633964868335e+03
8.805449635174565628e+03
8.803693518211852279e+03
8.790805204955333465e+03
8.782204044504615013e+03
8.793648183631703432e+03
8.804366236078763905e+03
8.805246327496806771e+03
8.798151555808961348e+03
8.784295041012563161e+03
8.786040028111656284e+03
8.800898426067371474e+03
8.805870010265811288e+03
8.802428434935980476e+03
8.790950300604214135e+03
8.782228707981979824e+03
8.793620810602109486e+03
8.805556751916034045e+03
8.804604933817847268e+03
8.797260188999029197e+03
8.784815663557175867e+03
8.785765835748044992e+03
8.801536462991682129e+03
8.806528738535676894e+03
8.801123656400728578e+03
8.790872594046897575e+03
8.782605928284829133e+03
8.793436524771608674e+03
8.806608463546948769e+03
8.804246532109942564e+03
8.796096617461897040e+03
8.785395621140218282e+03
8.785747115946254780e+03
8.801841169773797446e+03
8.807329827988394754e+03
8.799911602382155252e+03
8.790504889648727840e+03
8.783290085523058224e+03
8.793219131485504477e+03
8.807408832084196547e+03
8.804186312879744946e+03
8.794755786123459984e+03
8.785903948103354196e+03
8.786054152554359462e+03
8.801853262480828562e+03
8.808149009967670281e+03
8.798906983512815714e+03
8.789830533465301414e+03
8.784189861648654187e+03
8.793098983903953922e+03
8.807882778132412568e+03
8.804386120269582534e+03
8.793362148995738607e+03
8.786226047246031158e+03
8.786707064964055462e+03
8.801659818163161617e+03
8.808854161424411359e+03
8.798188148729899694e+03
8.788886350147364283e+03
8.785183207435558870e+03
8.793191298558431299e+03
8.808004887119612249e+03
8.804760851485274543e+03
8.792049443176623754e+03
8.786282619698529743e+03
8.787672317834909336e+03
8.801379723230853415e+03
8.809327031675496983e+03
8.797784419748049913e+03
8.787756775154211937e+03
8.786137352438203379e+03
8.793576958597483099e+03
8.807803455360381122e+03
8.805192589404201499e+03
8.790938934303154383e+03
8.786042776477366715e+03
8.788868048414764417e+03
8.801143894487366197e+03
8.809482699736161521e+03
8.797671495387716277e+03
8.786560147004471219e+03
8.786930566574101249e+03
8.794288963100194451e+03
8.807355711646896452e+03
8.805550143293872679e+03
8.790119711337962144e+03
8.785529174786048316e+03
8.790177335639325975e+03
8.801073526927480998e+03
8.809283561600159373e+03
8.797775681145447379e+03
8.785429413950460003e+03
8.787472093879710883e+03
8.795306752099168079e+03
8.806775000704159538e+03
8.805710782936417672e+03
8.789634271460594391e+03
8.784814334020773458e+03
8.791467228815108683e+03
8.801259946959333320e+03
8.808745546587786521e+03
8.797986247666865893e+03
8.784490428273786165e+03
8.787716979679167707e+03
8.796559341444271922e+03
8.806192037045144389e+03
8.805580590623230819e+03
8.789471765652766408e+03
8.784008737370511881e+03
8.792610406304316712e+03
8.801749385624618299e+03
8.807935540133357790e+03
8.798173884623340200e+03
8.783841398244541779e+03
8.787673352442154282e+03
8.797936752472807711e+03
8.805733313118267688e+03
8.805110082818158844e+03
8.789570015434659581e+03
8.783242676148205646e+03
8.793505902019145651e+03
8.802535177052895961e+03
8.806960436834877328e+03
8.798212213817796510e+03
8.783536877388036373e+03
8.787400962796727981e+03
8.799307857002004312e+03
8.805500213715757127e+03
8.804302531370529323e+03
8.789825968419561832e+03
8.782644823313788947e+03
8.794095490893590977e+03
8.803558665966538683e+03
8.805949624338667491e+03
8.797998822124825892e+03
8.783578924362496764e+03
8.787001220339325300e+03
8.800541702876640556e+03
8.805552272400684160e+03
8.803213615024686078e+03
8.790112872222929582e+03
8.782321060702706745e+03
8.794373038588755662e+03
8.804718675439340586e+03
8.805033779185085223e+03
8.797472353835917602e+03
8.783916887257419148e+03
8.786600367472108701e+03
8.801528812764645409e+03
8.805897324345618472e+03
8.801942458063147569e+03
8.790301341149071959e+03
8.782337042779845433e+03
8.794385278039135301e+03
8.805887977977796254e+03
8.804323462370612106e+03
8.796622850187100994e+03
8.784455847472174355e+03
8.786328558444209193e+03
8.802198953291668658e+03
8.806490175521623314e+03
8.800615529670361866e+03
8.790280849751339701e+03
8.782707365127260346e+03
8.794223885701047038e+03
8.806934060970208520e+03
8.803891035305790865e+03
8.795493634650716558e+03
8.785072333932252150e+03
8.786298285376058629e+03
8.802532452208273753e+03
8.807240007257707475e+03
8.799366051955736111e+03
8.789978117161397677e+03
8.783393119472399121e+03
8.794010161516942389e+03
8.807740771121903890e+03
8.803758870624726114e+03
8.794174433233891250e+03
8.785634722473903821e+03
8.786585700476594866e+03
8.802563202581164660e+03
8.808025298237567768e+03
8.798312303356098710e+03
8.789369357549861888e+03
8.784308237549561454e+03
8.793874833269288501e+03
8.808227277879868780e+03
8.803895796804341444e+03
8.792786860821555820e+03
8.786024964594063931e+03
8.787217907285303227e+03
8.802372860430668879e+03
8.808713809393670090e+03
8.797538385823334465e+03
8.788484381082391337e+03
8.785333580410991999e+03
8.793936308010988796e+03
8.808361236845770691e+03
8.804222361124033341e+03
8.791464660357391040e+03
8.786158071114881750e+03
8.788168311929646734e+03
8.802077190855216031e+03
8.809184344316096031e+03
8.797080618921030691e+03
8.787401870315505221e+03
8.786336455756088981e+03
8.794280948714100305e+03
8.808163988204494672e+03
8.804624044880511065e+03
8.790331944766629022e+03
8.785996145638922826e+03
8.789360799566287824e+03
8.801806809184548911e+03
8.809346705683310574e+03
8.796921798323932308e+03
8.786236608560750028e+03
8.787192352986559854e+03
8.794948621141702461e+03
8.807706935372290900e+03
8.804970256667935246e+03
8.789483020091332946e+03
8.785554659242221533e+03
8.790682049522201851e+03
8.801685485697749755e+03
8.809156564958355375e+03
8.796994262585845718e+03
8.785120760659085136e+03
8.787805320944746200e+03
8.795925889037420347e+03
8.807099699841439360e+03
8.805135979034448610e+03
8.788967108197828566e+03
8.784899934146091255e+03
8.791999963885995385e+03
8.801809583181955531e+03
8.808622799275619400e+03
8.797191263090377106e+03
8.784182284940401587e+03
8.788123636566702771e+03
8.797147977609924055e+03
8.806472000933066738e+03
8.805022507342560857e+03
8.788780481482725008e+03
8.784138250214869913e+03
8.793185178693147463e+03
8.802232010257454021e+03
8.807806088531478963e+03
8.797384766282790224e+03
8.783524027093266341e+03
8.788148187347254861e+03
8.798509182966819935e+03
8.805952241362932909e+03
8.804573868966168448e+03
8.788867302781272883e+03
8.783398366162035018e+03
8.794132119804000467e+03
8.802953330558331800e+03
8.806809003305132137e+03
8.797446759201442546e+03
8.783206934520050709e+03
8.787932189071025277e+03
8.799880015832090066e+03
8.805646321364716641e+03
8.803786221490236130e+03
8.789129031735274111e+03
8.782810330609343509e+03
8.794776140469031816e+03
8.803921490733475366e+03
8.805759213907764206e+03
8.797270553039430524e+03
8.783240151980293376e+03
8.787572285588033992e+03
8.801128260131696152e+03
8.805620166493976285e+03
8.802708683476821534e+03
8.789440849765167513e+03
8.782484068487976401e+03
8.795103922140562645e+03
8.805040212471714767e+03
8.804788582368117204e+03
8.796788579794629186e+03
8.783579627419594544e+03
8.787192495044644602e+03
8.802140483045057408e+03
8.805888843317479768e+03
8.801435460630636953e+03
8.789672401274458025e+03
8.782491265243759699e+03
8.795155428251668127e+03
8.806184668545931345e+03
8.804011576366317968e+03
8.795983753930784587e+03
8.784135457041336849e+03
8.786923643725296643e+03
8.802840458857257545e+03
8.806414053500591763e+03
8.800090562039542419e+03
8.789709438747293461e+03
8.782853528882225874e+03
8.795017090186327550e+03
8.807221864671328149e+03
8.803506555630590810e+03
8.794892529488617583e+03
8.784786761139985174e+03
8.786881670941493212e+03
8.803201476595657368e+03
8.807110418570089678e+03
8.798807620034795036e+03
8.789472810725445015e+03
8.783538777243400546e+03
8.794807346919913471e+03
8.808032374864407757e+03
8.803303008779917946e+03
8.793599149136844062e+03
8.785401643487712136e+03
8.787148374137108476e+03
8.803250507502783876e+03
8.807859521580747241e+03
8.797708132628145904e+03
8.788931668749846722e+03
8.784466444927877092e+03
8.794656917601330861e+03
8.808529855324761229e+03
8.803376839757112975e+03
8.792222030535125668e+03
8.785858950876481686e+03
8.787757762002238451e+03
8.803063547407011356e+03
8.808529395925823337e+03
8.796881706949636282e+03
8.788108720328760683e+03
8.785520653551129726e+03
8.794687052752115051e+03
8.808675127256532505e+03
8.803654478856438800e+03
8.790894528750315658e+03
8.786068253334202382e+03
8.788690260917619526e+03
8.802752900703833802e+03
8.808996255462217960e+03
8.796371552936932858e+03
8.787076663386562359e+03
8.786569179095953587e+03
8.794989342258224497e+03
8.808482512386233793e+03
8.804025141723795969e+03
8.789743238575258147e+03
8.785984758248749131e+03
8.789875728244471247e+03
8.802448498209412719e+03
8.809164891414398880e+03
8.796167612881821697e+03
8.785946388272575859e+03
8.787485096591193724e+03
8.795610402263670039e+03
8.808017379308119416e+03
8.804359219396474145e+03
8.788867405290890019e+03
8.785616705022222959e+03
8.791204777326849580e+03
8.802276322534924475e+03
8.808984380797695849e+03
8.796208456383659723e+03
8.784848887626076248e+03
8.788167541957916910e+03
8.796543960512968624e+03
8.807385304517332770e+03
8.804529773900814689e+03
8.788322830076878745e+03
8.785024023799745919e+03
8.792546551845365684e+03
8.802337490388930746e+03
8.808456522290098292e+03
8.796391628375968139e+03
8.783913849426222441e+03
8.788558176116313916e+03
8.797731642687171188e+03
8.806714631294307765e+03
8.804433603049132216e+03
8.788112916946001860e+03
8.784308478871067564e+03
8.793770026307209264e+03
8.802691433151583624e+03
8.807635611750565658e+03
8.796590747418707906e+03
8.783248454194221267e+03
8.788650643429806223e+03
8.799072331017048782e+03
8.806135295600653990e+03
8.804008408934620093e+03
8.788188333358155433e+03
8.783596918097937305e+03
8.794765329442108850e+03
8.803345942897602072e+03
8.806619594128071185e+03
8.796676541058946896e+03
8.782919863752498713e+03
8.788491468982061633e+03
8.800438556359362337e+03
8.805757402161323625e+03
8.803243245509578628e+03
8.788455339773281594e+03
8.783020383767512612e+03
8.795461583513959340e+03
8.804255721693751184e+03
8.805534047009085043e+03
8.796538357431581971e+03
8.782944281730238799e+03
8.788172247464088287e+03
8.801697227946773637e+03
8.805653074974141418e+03
8.802180526168278448e+03
8.788791417427901251e+03
8.782692521070390285e+03
8.795838325679389527e+03
8.805329673233427457e+03
8.804511630170753051e+03
8.796102613932902386e+03
8.783284385025486699e+03
8.787814408965114126e+03
8.802731291502814202e+03
8.805844567827751234e+03
8.800909260568836544e+03
8.789065623126265564e+03
8.782690835982375575e+03
8.795928633256709873e+03
8.806445737786016252e+03
8.803670381299874862e+03
8.795345147633612214e+03
8.783855548483401435e+03
8.787549068028998590e+03
8.803458753678980429e+03
8.806300590648968864e+03
8.799550632654088986e+03
8.789160322286765222e+03
8.783043885643146496e+03
8.795813439433810345e+03
8.807470830583260977e+03
8.803094427809915942e+03
8.794295435231395459e+03
8.784539838648759542e+03
8.787495271146199229e+03
8.803845943999707742e+03
8.806941456000527978e+03
8.798238291635734640e+03
8.788990724778306685e+03
8.783726508489849948e+03
8.795607975066726794e+03
8.808282604246183837e+03
8.802820287216771248e+03
8.793031987754602596e+03
8.785205474517821131e+03
8.787740221318570548e+03
8.803912833377238712e+03
8.807652199173960980e+03
8.797096597396022844e+03
8.788519009553068827e+03
8.784663878956369444e+03
8.795442567448077170e+03
8.808789455794576497e+03
8.802831009234138037e+03
8.791669676941195576e+03
8.785728553943759835e+03
8.788324733132285473e+03
8.803729534891677758e+03
8.808301513652588255e+03
8.796220398214702072e+03
8.787760714187839767e+03
8.785743719969452286e+03
8.795440955163012404e+03
8.808945487498944203e+03
8.803059122791226400e+03
8.790341077409630088e+03
8.786013471704467520e+03
8.789236311409220434e+03
8.803404562988023827e+03
8.808763387116927333e+03
8.795659666673154788e+03
8.786782337867105525e+03
8.786834664605486978e+03
8.795699686748441309e+03
8.808757960875434947e+03
8.803397902803784746e+03
8.789174893121475179e+03
8.786008670482358866e+03
8.790410992491941215e+03
8.803066782913498173e+03
8.808937878893262678e+03
8.795411520432608086e+03
8.785690551694729947e+03
8.787807746796710489e+03
8.796271992591104208e+03
8.808286017936341523e+03
8.803719102950513843e+03
8.788275016262738063e+03
8.785715133752839392e+03
8.791743645832621041e+03
8.802844020130565696e+03
8.808767620960321437e+03
8.795420939809862830e+03
8.784614790800649644e+03
8.788557486292907925e+03
8.797158783675011364e+03
8.807630880252385396e+03
8.803894237054822952e+03
8.787703662639321919e+03
8.785186223509528645e+03
8.793105041887603875e+03
8.802841848814197874e+03
8.808247328018373082e+03
8.795590063479776290e+03
8.783686091373594536e+03
8.789019099848093902e+03
8.798308258456609110e+03
8.806919138210374513e+03
8.803815907940179386e+03
8.787471357151045595e+03
8.784518889531795139e+03
8.794362879334192257e+03
8.803126049089996741e+03
8.807424752098097088e+03
8.795794532597721627e+03
8.783015653488513635e+03
8.789179007857677789e+03
8.799624183162175541e+03
8.806281879446849416e+03
8.803415674783575014e+03
8.787535416107933997e+03
8.783837696243843311e+03
8.795403313336735664e+03
8.803711619141691699e+03
8.806392924454141394e+03
8.795904194191920396e+03
8.782676655715320521e+03
8.789076908540395380e+03
8.800981484058342176e+03
8.805833089827363438e+03
8.802675519377498858e+03
8.787807175494377589e+03
8.783274294726317748e+03
8.796149444187776680e+03
8.804560150060460728e+03
8.805274960661710793e+03
8.795804757604402766e+03
8.782692312628085347e+03
8.788799078887293945e+03
8.802246587467598147e+03
8.805650879983360937e+03
8.801631024635687936e+03
8.788166775645015150e+03
8.782945716711266869e+03
8.796573725662401557e+03
8.805585995671306591e+03
8.804203928117234682e+03
8.795416840991943900e+03
8.783032139446057045e+03
8.788464004764176934e+03
8.803299162310964675e+03
8.805764625589432399e+03
8.800365741943005560e+03
8.788483069822486868e+03
8.782935061199754273e+03
8.796702252590810531e+03
8.806670222800052215e+03
8.803301087307771013e+03
8.794709274209430077e+03
8.783617038032345590e+03
8.788202704384899334e+03
8.804051689239653570e+03
8.806150136760459645e+03
8.798997673325849973e+03
8.788635381360632891e+03
8.783277750806191762e+03
8.796610223002846396e+03
8.807680047611720511e+03
8.802656085715532754e+03
8.793704469207204966e+03
8.784332367457074724e+03
8.788136982313391854e+03
8.804463637925604417e+03
8.806733651172657119e+03
8.797660091471881969e+03
8.788533529977492435e+03
8.783955618768050044e+03
8.796409321915347391e+03
8.808490561168613567e+03
8.802312361977463297e+03
8.792474973920434422e+03
8.785046848936030074e+03
8.788359191579334947e+03
8.804547920985594828e+03
8.807403994025675274e+03
8.796479852002470579e+03
8.788132832593339117e+03
8.784899799497859931e+03
8.796229102693268942e+03
8.809005170784341317e+03
8.802260160849307795e+03
8.791131775895672035e+03
8.785634195271359204e+03
8.788916833440962364e+03
8.804368563452369926e+03
8.808030904535073205e+03
8.795556764904285956e+03
8.787441610679499718e+03
8.786001947445960468e+03
8.796195429271640023e+03
8.809171394954839343e+03
8.802438307562155387e+03
8.789806279038804860e+03
8.785993906788859022e+03
8.789804528579517864e+03
8.804029971679970913e+03
8.808486514252101188e+03
8.794947417791921907e+03
8.786519968819637143e+03
8.787131939115413843e+03
8.796409526003593783e+03
8.808989413931882154e+03
8.802744449263733259e+03
8.788628917602105503e+03
8.786067812895527823e+03
8.790964680965747903e+03
8.803659567393639009e+03
8.808666444019814662e+03
8.794656111360149225e+03
8.785470045026446314e+03
8.788159146659221733e+03
8.796931081945404003e+03
8.808511969632338150e+03
8.803052078432488997e+03
8.787707924706603080e+03
8.785849638251658689e+03
8.792296725766678719e+03
8.803386643979854853e+03
8.808507049076128169e+03
8.794634397472522323e+03
8.784419336227836538e+03
8.788973784005782363e+03
8.797768189447277109e+03
8.807835631523026677e+03
8.803231537528299668e+03
8.787111747275826929e+03
8.785386019971883798e+03
8.793673440639751789e+03
8.803320923499119090e+03
8.807995975390731473e+03
8.794789295236600083e+03
8.783499841463222765e+03
8.789504814566143978e+03
8.798875772725423303e+03
8.807084865348122548e+03
8.803171549241229513e+03
8.786857999468335038e+03
8.784768808579767210e+03
8.794961637894182786e+03
8.803534342120166912e+03
8.807174290554432446e+03
8.794998832938075793e+03
8.782826453315197796e+03
8.789731475189204502e+03
8.800162765511186080e+03
8.806391525415932847e+03
8.802797730215434058e+03
8.786910771159396973e+03
8.784119919230486630e+03
8.796043834380758199e+03
8.804049060595612900e+03
8.806129838454859055e+03
8.795132358646236753e+03
8.782478151797691680e+03
8.789686521160343545e+03
8.801506857709351607e+03
8.805873143932421954e+03
8.802085042310516656e+03
8.787186733683392958e+03
8.783571225188243261e+03
8.796837335143183736e+03
8.804833672374021262e+03
8.804982910561711833e+03
8.795072277869388927e+03
8.782485093952014722e+03
8.789450658885942175e+03
8.802774385916487518e+03
8.805613588718671963e+03
8.801062132691466104e+03
8.787569037971614307e+03
