8.799500000000000000e+03
8.815307445563321380e+03
8.831193500775852954e+03
8.847170586778143843e+03
8.863205806211750314e+03
8.879262974275672605e+03
8.895326159612301126e+03
8.911421754695227719e+03
8.927598158465438246e+03
8.943864814754528197e+03
8.960192010913207923e+03
8.976542544748928776e+03
8.992897585606244320e+03
9.009287296689806681e+03
9.025758800796542346e+03
9.042320205377996899e+03
9.058945327004281353e+03
9.075593901691954670e+03
9.092246253960080139e+03
9.108935935238885577e+03
9.125707186192574227e+03
9.142569057933465956e+03
9.159497828128369292e+03
9.176449150105632725e+03
9.193404766047851808e+03
9.210399964697173345e+03
9.227475783331978164e+03
9.244644253183632827e+03
9.261882046939976135e+03
9.279141132492743054e+03
9.296406261049818568e+03
9.313712179375976120e+03
9.331097810720992129e+03
9.348579171138266247e+03
9.366131066046813430e+03
9.383703437893515002e+03
9.401284348315699390e+03
9.418905978152879470e+03
9.436607215359970724e+03
9.454407645803121341e+03
9.472278626952722334e+03
9.490170353375740888e+03
9.508073090072426567e+03
9.526015467991932383e+03
9.544038602961412835e+03
9.562163978651387879e+03
9.580359218955138203e+03
9.598576781017167377e+03
9.616807045418037887e+03
9.635075530480227826e+03
9.653427151054947899e+03
9.671883009870705791e+03
9.690408117807633971e+03
9.708958156878996306e+03
9.727521362847357523e+03
9.746121829888423235e+03
9.764808543009352434e+03
9.783600224092833741e+03
9.802461363513088145e+03
9.821350407775767962e+03
9.840251889813756861e+03
9.859190764047894845e+03
9.878218952990921025e+03
9.897351854038304737e+03
9.916555690314482490e+03
9.935789967065553355e+03
9.955035261301927676e+03
9.974319381573543069e+03
9.993695092176685648e+03
1.001317494637722848e+04
1.003272844055329369e+04
1.005231384786706258e+04
1.007190893760970903e+04
1.009154530210786834e+04
1.011127430288282267e+04
1.013110736886548875e+04
1.015101750042248386e+04
1.017095974993429627e+04
1.019091118132687916e+04
1.021090667517111615e+04
1.023099466875967119e+04
1.025118776066313148e+04
1.027146128721754030e+04
1.029176616343191381e+04
1.031208098715441884e+04
1.033244219830607290e+04
1.035289510305996737e+04
1.037345544986685491e+04
1.039409879780501979e+04
1.041477243415690646e+04
1.043545799659516888e+04
1.045619119229856369e+04
1.047701538558024913e+04
1.049795037509653775e+04
1.051896970437465097e+04
1.054001876979030385e+04
1.056108243549572580e+04
1.058219370920583242e+04
1.060339613887179985e+04
1.062471304647851321e+04
1.064611446528257875e+04
1.066754618971917625e+04
1.068899510364445450e+04
1.071049063628822114e+04
1.073207875796218650e+04
1.075378456619331155e+04
1.077557441304054191e+04
1.079739644295326798e+04
1.081923742553148804e+04
1.084112376062079420e+04
1.086310532594893812e+04
1.088520670572405834e+04
1.090739179045405399e+04
1.092961193111945977e+04
1.095185154774427610e+04
1.097413577450830417e+04
1.099651855339761460e+04
1.101902201506243910e+04
1.104160972612749902e+04
1.106423567164743145e+04
1.108688045048267304e+04
1.110957022487696122e+04
1.113236177034072898e+04
1.115527392681638230e+04
1.117827216415512157e+04
1.120131132075929600e+04
1.122436803529405188e+04
1.124747143164887893e+04
1.127067897936658119e+04
1.129400682024694106e+04
1.131742378069258848e+04
1.134088325277973308e+04
1.136435916045265549e+04
1.138788441221893663e+04
1.141151495468262874e+04
1.143526602589536560e+04
1.145910992528105453e+04
1.148299667053863959e+04
1.150689961581463467e+04
1.153085484690405974e+04
1.155491535432738601e+04
1.157909777461745762e+04
1.160337661530629703e+04
1.162769770968481680e+04
1.165203605255638831e+04
1.167642910442335597e+04
1.170092680767735146e+04
1.172554911648573216e+04
1.175027059145045132e+04
1.177503350218195010e+04
1.179981590080245041e+04
1.182465432330690965e+04
1.184959695012099110e+04
1.187466784683629885e+04
1.189983941846072776e+04
1.192505218020786378e+04
1.195028731294942554e+04
1.197557852351924157e+04
1.200097439732218299e+04
1.202650247403769754e+04
1.205213159807231023e+04
1.207780282489527053e+04
1.210349916063835190e+04
1.212925071100540299e+04
1.215510867508513365e+04
1.218110224752128306e+04
1.220719665633654586e+04
1.223333538585423594e+04
1.225950109261973375e+04
1.228572094068946171e+04
1.231205013811838944e+04
1.233851724131427181e+04
1.236508517761966687e+04
1.239170060885247767e+04
1.241834363725092771e+04
1.244504031970264441e+04
1.247184991543510478e+04
1.249879846692330830e+04
1.252584877836005035e+04
1.255295000598861589e+04
1.258007831616870317e+04
1.260726095591008198e+04
1.263455990990190003e+04
1.266199797813758596e+04
1.268954003712873964e+04
1.271713588631477614e+04
1.274475773146404026e+04
1.277243587812884653e+04
1.280023285855895665e+04
1.282816893357835215e+04
1.285621241462054240e+04
1.288431144154263347e+04
1.291243559907373492e+04
1.294061896553676706e+04
1.296892243688567942e+04
1.299736559932033197e+04
1.302592020120707639e+04
1.305453086021015588e+04
1.308316672208953605e+04
1.311186492031232956e+04
1.314068337325195898e+04
1.316964329727793302e+04
1.319871851912697093e+04
1.322784943278644641e+04
1.325700692110903583e+04
1.328622930091280068e+04
1.331557153598317745e+04
1.334505832621282025e+04
1.337466338531202746e+04
1.340432361381693954e+04
1.343401295553607451e+04
1.346376860998905249e+04
1.349364396620087609e+04
1.352366789295242779e+04
1.355381181745432696e+04
1.358401102400128912e+04
1.361424247337071210e+04
1.364454040987873304e+04
1.367495885075933620e+04
1.370553008757475436e+04
1.373622194927714008e+04
1.376697039852975649e+04
1.379775401610859080e+04
1.382860342804857646e+04
1.385957545297732395e+04
1.389070391940146692e+04
1.392195311753549686e+04
1.395326150896588479e+04
1.398460708412411259e+04
1.401601761888674264e+04
1.404755403533628305e+04
1.407924940716781566e+04
1.411106589436320610e+04
1.414294509636672228e+04
1.417486224458344441e+04
1.420684416531333409e+04
1.423895581159570065e+04
1.427122769588071606e+04
1.430362205992438248e+04
1.433608284909325084e+04
1.436858124757396399e+04
1.440114542714868367e+04
1.443384295447170553e+04
1.446670116264294302e+04
1.449968453360891363e+04
1.453273744157750843e+04
1.456582711309019214e+04
1.459898486397376109e+04
1.463227866363594512e+04
1.466573347815242960e+04
1.469931729823538444e+04
1.473297262680422682e+04
1.476666416295465206e+04
1.480042697023822438e+04
1.483432727551588323e+04
1.486838960791884892e+04
1.490258535457250036e+04
1.493685335457010115e+04
1.497115799326573870e+04
1.500553725578360900e+04
1.504005438032972779e+04
1.507473576075646451e+04
1.510955473187798998e+04
1.514444587774487991e+04
1.517937540616085244e+04
1.521438228745416200e+04
1.524952690911237733e+04
1.528483931271747861e+04
1.532029255856590680e+04
1.535581781353538463e+04
1.539138433561438796e+04
1.542702978393537342e+04
1.546281316528160096e+04
1.549876874429643067e+04
1.553486717395307278e+04
1.557103814439041162e+04
1.560725380446848976e+04
1.564354873547471288e+04
1.567998279697066937e+04
1.571659362374274860e+04
1.575334824624193607e+04
1.579017716671392918e+04
1.582705393790317612e+04
1.586400951062059175e+04
1.590110672945823171e+04
1.593838465158960753e+04
1.597580685964675467e+04
1.601330641597710201e+04
1.605085603684277157e+04
1.608848391732794516e+04
1.612625709267357888e+04
1.616421375791348510e+04
1.620231554568607680e+04
1.624049860612154771e+04
1.627873269169864761e+04
1.631704520363108713e+04
1.635550718082648382e+04
1.639415422355820556e+04
1.643294825548856534e+04
1.647182761575043696e+04
1.651075790135566422e+04
1.654976800668158467e+04
1.658893146889563286e+04
1.662828078741856370e+04
1.666778029299889022e+04
1.670736853565289857e+04
1.674700716046311209e+04
1.678672827914909067e+04
1.682660568884385793e+04
1.686666970745647632e+04
1.690688824429933811e+04
1.694719776854416705e+04
1.698755749053291584e+04
1.702800323092329199e+04
1.706860694541190242e+04
1.710939876123333306e+04
1.715034993994145771e+04
1.719139315185662417e+04
1.723248741232259636e+04
1.727367131829337450e+04
1.731501383617312604e+04
1.735654719537963683e+04
1.739824447454157780e+04
1.744003406562775126e+04
1.748187687992642168e+04
1.752381229453442938e+04
1.756590653905665386e+04
1.760819565339910332e+04
1.765065228587693491e+04
1.769320149350352585e+04
1.773580721202792483e+04
1.777850731220451053e+04
1.782136684333643643e+04
1.786442611978281639e+04
1.790765527279330490e+04
1.795097802322857387e+04
1.799436105703823341e+04
1.803783904755865296e+04
1.808147812219676416e+04
1.812532191226961368e+04
1.816933691639444078e+04
1.821344779666155955e+04
1.825762241589950281e+04
1.830189180911637595e+04
1.834632526783077628e+04
1.839096773559203939e+04
1.843578236787090646e+04
1.848069643909785009e+04
1.852567672412802494e+04
1.857075159873329176e+04
1.861599462473927997e+04
1.866144978639372130e+04
1.870707847947854680e+04
1.875281100591915310e+04
1.879861097191933732e+04
1.884450611215476238e+04
1.889057395779148283e+04
1.893685587934012801e+04
1.898331377739160598e+04
1.902987997803613689e+04
1.907651382652875691e+04
1.912324468968605652e+04
1.917015247832688692e+04
1.921727555643701635e+04
1.926457839793281528e+04
1.931199331888706365e+04
1.935947572050120289e+04
1.940705824717503492e+04
1.945482092924385506e+04
1.950280014826322804e+04
1.955096402304706135e+04
1.959924258205074875e+04
1.964758888272343393e+04
1.969603922530128330e+04
1.974467170735618129e+04
1.979352277468924876e+04
1.984256385139942358e+04
1.989172103913049432e+04
1.994094731169661100e+04
1.999028158833195994e+04
2.003979898706612585e+04
2.008953829634541398e+04
2.013947262788659646e+04
2.018952378990927537e+04
2.023964671302410716e+04
2.028988088445365793e+04
2.034029880906120889e+04
2.039094324736946510e+04
2.044178673184386935e+04
2.049274782382835110e+04
2.054378443718043491e+04
2.059493435617277282e+04
2.064626911156047572e+04
2.069783578749225489e+04
2.074960430175838701e+04
2.080149202100566617e+04
2.085345945379083059e+04
2.090554107005679543e+04
2.095780970412832539e+04
2.101031570420112257e+04
2.106302536029279509e+04
2.111585710460734845e+04
2.116877238463747199e+04
2.122180202779705724e+04
2.127502220654146004e+04
2.132848447651686365e+04
2.138215190355873347e+04
2.143594557552205151e+04
2.148982559510314240e+04
2.154382022806124951e+04
2.159800998901950516e+04
2.165244538827566430e+04
2.170708793267107467e+04
2.176186166736551604e+04
2.181672332131323492e+04
2.187170066791277350e+04
2.192687814978682582e+04
2.198230365980466377e+04
2.203793942822192912e+04
2.209371135217890696e+04
2.214957179660811380e+04
2.220555029624006784e+04
2.226173355171261210e+04
2.231816656000241710e+04
2.237481429069029036e+04
2.243160240776444334e+04
2.248847934149622961e+04
2.254547795049426350e+04
2.260268491707897920e+04
2.266014346866030246e+04
2.271782228325541655e+04
2.277564453393294752e+04
2.283355639562774013e+04
2.289159431475483871e+04
2.294984295725105039e+04
2.300834587842194742e+04
2.306707501279583812e+04
2.312594948622159427e+04
2.318491549307925015e+04
2.324401192909603560e+04
2.330332050069602701e+04
2.336288734941368966e+04
2.342268597027439318e+04
2.348263118908462639e+04
2.354267120444505417e+04
2.360284526059068594e+04
2.366323258372420969e+04
2.372388344820123893e+04
2.378477062895291601e+04
2.384580579881340964e+04
2.390694008239920367e+04
2.396821082264219513e+04
2.402969648301427515e+04
2.409145170906062049e+04
2.415344657667778301e+04
2.421559170616468327e+04
2.427784064626251347e+04
2.434022731082824976e+04
2.440283169184887083e+04
2.446571164715365740e+04
2.452883364556160450e+04
2.459210949234966029e+04
2.465549342627442456e+04
2.471901571732872253e+04
2.478275986405428557e+04
2.484678483332351243e+04
2.491105400362240107e+04
2.497548187036666059e+04
2.504002106535377243e+04
2.510469939455424174e+04
2.516960476246001417e+04
2.523479501661531685e+04
2.530023218800458926e+04
2.536583364963944405e+04
2.543154845413081421e+04
2.549740405860682222e+04
2.556349224719664562e+04
2.562986826236833804e+04
2.569649508231465370e+04
2.576329175314478198e+04
2.583020286238949484e+04
2.589725774677794834e+04
2.596455032398286130e+04
2.603213306798621488e+04
2.609997186257615977e+04
2.616798529612650236e+04
2.623611403173801591e+04
2.630439076143278362e+04
2.637290924956537492e+04
2.644172042742517442e+04
2.651079394876175502e+04
2.658004571193058655e+04
2.664941420966605074e+04
2.671893563817770701e+04
2.678870166960810457e+04
2.685876383562823685e+04
2.692909499697315186e+04
2.699960689246099355e+04
2.707023812815347992e+04
2.714102716708819571e+04
2.721206275202020697e+04
2.728339924771295773e+04
2.735501095189244370e+04
2.742680530542178167e+04
2.749872295181046502e+04
2.757080247549398700e+04
2.764313028079665673e+04
2.771576502557901404e+04
2.778868015603810636e+04
2.786178005980997841e+04
2.793500823265462532e+04
2.800840115724454517e+04
2.808204469106412580e+04
2.815600190977982129e+04
2.823024349062979672e+04
2.830467291148533332e+04
2.837923590634759967e+04
2.845396541565643929e+04
2.852894904912871061e+04
2.860425304501432402e+04
2.867984451093880853e+04
2.875562822423167017e+04
2.883155034896781581e+04
2.890764018237880009e+04
2.898398900300135210e+04
2.906066406712799653e+04
2.913762954144629839e+04
2.921479291927204758e+04
2.929209849021041009e+04
2.936957318402466626e+04
2.944731274059406860e+04
2.952538323594586836e+04
2.960374771203365526e+04
2.968231645102880066e+04
2.976102995738436948e+04
2.983991494907351444e+04
2.991907099019685120e+04
2.999856158086082723e+04
3.007835093967200737e+04
3.015835083705336001e+04
3.023849721291343667e+04
3.031881877097818506e+04
3.039941708172756626e+04
3.048035302144734305e+04
3.056159388149833467e+04
3.064305074938893813e+04
3.072465565096411592e+04
3.080644066079364711e+04
3.088850706404149969e+04
3.097091443541976332e+04
3.105363389665250361e+04
3.113657365113348351e+04
3.121966363497350540e+04
3.130293932701614904e+04
3.138649985218967413e+04
3.147040566703520744e+04
3.155463105116721272e+04
3.163907994480155321e+04
3.172368248114849484e+04
3.180847621012640593e+04
3.189355736723456721e+04
3.197898949245645053e+04
3.206474818387627602e+04
3.215073309485886057e+04
3.223687641432655801e+04
3.232321557849231613e+04
3.240984463451528063e+04
3.249683157570289768e+04
3.258415102799114538e+04
3.267169969717736967e+04
3.275941253363954456e+04
3.284732466881064465e+04
3.293552982268577034e+04
3.302410045275928132e+04
3.311300836177743622e+04
3.320214948912980617e+04
3.329146082202086109e+04
3.338097383740606892e+04
3.347078422924938059e+04
3.356096757094156055e+04
3.365149215085501783e+04
3.374225531743447209e+04
3.383319421695803612e+04
3.392433668485438830e+04
3.401578223940286261e+04
3.410760738950195810e+04
3.419977764826532803e+04
3.429219309762657940e+04
3.438478873650437163e+04
3.447759012711716787e+04
3.457070129574617749e+04
3.466419752412271919e+04
3.475804343523342686e+04
3.485214180267245683e+04
3.494642363354774716e+04
3.504091440754763607e+04
3.513572191262726847e+04
3.523091890132577828e+04
3.532647140893967298e+04
3.542228350733947445e+04
3.551828154076205101e+04
3.561449306743049965e+04
3.571102775192386616e+04
3.580795588536393188e+04
3.590524674458407389e+04
3.600280349370467593e+04
3.610054857267570333e+04
3.619851290921012696e+04
3.629680575367678830e+04
3.639549635123847838e+04
3.649455786938172241e+04
3.659389039988613513e+04
3.669341436836173671e+04
3.679316398982972896e+04
3.689324629413499497e+04
3.699373169883289665e+04
3.709459648193858447e+04
3.719573637773509836e+04
3.729707208168318903e+04
3.739863967032895016e+04
3.750054333353839320e+04
3.760285682638160506e+04
3.770555763328851754e+04
3.780853722219043993e+04
3.791171834681268956e+04
3.801513672645119368e+04
3.811889452040298784e+04
3.822307009770949662e+04
3.832763986234750337e+04
3.843249244640001416e+04
3.853755325674759661e+04
3.864285550180121209e+04
3.874850123634793999e+04
3.885457334052080114e+04
3.896104535791373200e+04
3.906780529820864467e+04
3.917478038797039335e+04
3.928200006902414316e+04
3.938956858906825073e+04
3.949757190145492496e+04
3.960598010949830496e+04
3.971468273681573191e+04
3.982360688694797864e+04
3.993277836183358886e+04
4.004230538155970862e+04
4.015227476201413810e+04
4.026265401402964198e+04
4.037333540426584659e+04
4.048424361060884985e+04
4.059540225244706380e+04
4.070692409540827794e+04
4.081889469634034322e+04
4.093128092306385224e+04
4.104397762895256892e+04
4.115690529252265696e+04
4.127008757069921558e+04
4.138364092098486435e+04
4.149764843610509706e+04
4.161207863874042960e+04
4.172682748636878387e+04
4.184181069698253123e+04
4.195705408412988618e+04
4.207267584962676483e+04
4.218875680541468319e+04
4.230526888697177492e+04
4.242210692056763219e+04
4.253918272834816162e+04
4.265652547400440380e+04
4.277425281938111584e+04
4.289244480082697555e+04
4.301107730579570489e+04
4.313004190681339242e+04
4.324924848093128094e+04
4.336872934431722388e+04
4.348859988558097393e+04
4.360894161333215743e+04
4.372973348134168918e+04
4.385086262037353299e+04
4.397223923816299066e+04
4.409389728845276113e+04
4.421594937838739861e+04
4.433848061215967755e+04
4.446147104596921417e+04
4.458480357456592901e+04
4.470839045006894594e+04
4.483226501646330871e+04
4.495653801506332820e+04
4.508129932562147587e+04
4.520652782949020184e+04
4.533210370358554792e+04
4.545794172692841676e+04
4.558407252279600652e+04
4.571060695274612954e+04
4.583763945585573674e+04
4.596514603437767801e+04
4.609300638764925679e+04
4.622113688132028619e+04
4.634956425924083305e+04
4.647840179115304636e+04
4.660774695172421343e+04
4.673757239704098174e+04
4.686775944081264606e+04
4.699822403245797614e+04
4.712898927636745066e+04
4.726017255462626781e+04
4.739187214212401159e+04
4.752405830326645082e+04
4.765661509693833068e+04
4.778945576317187806e+04
4.792260130946092977e+04
4.805617369141264498e+04
4.819026990905468119e+04
4.832485984417205327e+04
4.845983003048133105e+04
4.859508929998167150e+04
4.873065880708837358e+04
4.886666412205999950e+04
4.900319986499444349e+04
4.914023782276728889e+04
4.927766543589693174e+04
4.941538667837975663e+04
4.955342492327345099e+04
4.969190735025225877e+04
4.983092649797711783e+04
4.997045774086044548e+04
5.011038716726499842e+04
5.025061486170317221e+04
5.039116750887522358e+04
5.053217162579236901e+04
5.067371926092264766e+04
5.081578980428974319e+04
5.095826591697748518e+04
5.110104580059726868e+04
5.124415913874676335e+04
5.138773012983791705e+04
5.153185260396808735e+04
5.167650897797801008e+04
5.182157739778871473e+04
5.196695644372444804e+04
5.211267719795175071e+04
5.225886114445386920e+04
5.240560597129823145e+04
5.255289510355656239e+04
5.270060249185192515e+04
5.284862872988607705e+04
5.299700402799434232e+04
5.314584817522123194e+04
5.329526379828869540e+04
5.344523306865238555e+04
5.359562734374540742e+04
5.374634959954740043e+04
5.389742711141651671e+04
5.404898001453849429e+04
5.420111554537138727e+04
5.435381299756452790e+04
5.450694339689354820e+04
5.466041105685444199e+04
5.481423925881684409e+04
5.496855075681192830e+04
5.512345579136793822e+04
5.527893042538406007e+04
5.543484739540336886e+04
5.559111029437297839e+04
5.574773876214581105e+04
5.590485979615330143e+04
5.606258438664519053e+04
5.622088642467306636e+04
5.637964138733563595e+04
5.653874986899353826e+04
5.669822949175776739e+04
5.685821184452114539e+04
5.701880664391193568e+04
5.717998767291371041e+04
5.734163276561228122e+04
5.750363789834776253e+04
5.766602093729394255e+04
5.782891700110281818e+04
5.799243353055595071e+04
5.815654647258525802e+04
5.832113436882269161e+04
5.848608823981857131e+04
5.865142821486735920e+04
5.881729088445233356e+04
5.898378182648248912e+04
5.915088075476753875e+04
5.931846464162045595e+04
5.948642062162432558e+04
5.965477207684976747e+04
5.982365481535976869e+04
5.999317422557810642e+04
6.016331410431110271e+04
6.033394783207195724e+04
6.050496071479796228e+04
6.067637896019469190e+04
6.084833601934162289e+04
6.102093938140071987e+04
6.119417583690930041e+04
6.136791418960008014e+04
6.154204015849699499e+04
6.171658109506876644e+04
6.189166781088284915e+04
6.206741192013491673e+04
6.224380113903812162e+04
6.242070012777043303e+04
6.259799656994501856e+04
6.277571667285219883e+04
6.295398972927161958e+04
6.313293245725742599e+04
6.331253125809734775e+04
6.349264833050378365e+04
6.367317357700803404e+04
6.385413005037356197e+04
6.403564761550739058e+04
6.421784765368953958e+04
6.440071371134890069e+04
6.458410780297670863e+04
6.476792090333484521e+04
6.495217195383492799e+04
6.513699364324938506e+04
6.532251033262831334e+04
6.550870247574267705e+04
6.569543389076100721e+04
6.588259451649518451e+04
6.607019964690541383e+04
6.625838633551065868e+04
6.644727965553436661e+04
6.663685812890846864e+04
6.682698830380465370e+04
6.701755682576804247e+04
6.720857704208062205e+04
6.740019060504886147e+04
6.759252133361395681e+04
6.778554793137160596e+04
6.797913918079450377e+04
6.817317689787848212e+04
6.836767475721839583e+04
6.856277784800808877e+04
6.875860783809849818e+04
6.895514586358515953e+04
6.915226121461582079e+04
6.934983065281255404e+04
6.954787014129878662e+04
6.974652610063465545e+04
6.994591857406604686e+04
7.014603264981639222e+04
7.034673583672200039e+04
7.054790101037168643e+04
7.074954730614554137e+04
7.095182024511115742e+04
7.115483999734508689e+04
7.135859580678718339e+04
7.156295143625208584e+04
7.176777797812988865e+04
7.197309719947754638e+04
7.217905223251605639e+04
7.238576567716225691e+04
7.259322974628250813e+04
7.280130357710439421e+04
7.300985869501186244e+04
7.321891773939302948e+04
7.342862128501039115e+04
7.363909632894236711e+04
7.385033594081662886e+04
7.406219517784545314e+04
7.427454746282183623e+04
7.448741400755556242e+04
7.470093404840669245e+04
7.491523985428104061e+04
7.513032313799289113e+04
7.534603663467838487e+04
7.556225580363196786e+04
7.577899847638617211e+04
7.599640468633461569e+04
7.621461142312124139e+04
7.643360759107340709e+04
7.665324589061897132e+04
7.687340257176950399e+04
7.709409123332457966e+04
7.731545493082511530e+04
7.753763361773638462e+04
7.776061326799239032e+04
7.798424847585317912e+04
7.820841412894676614e+04
7.843312016732576012e+04
7.865851412199603510e+04
7.888473663517556270e+04
7.911177201040383079e+04
7.933947755645582220e+04
7.956772456755049643e+04
7.979652109832590213e+04
8.002601927466502821e+04
8.025635852297139354e+04
8.048752363452652935e+04
8.071937402615991596e+04
8.095177594928460894e+04
8.118473785346280783e+04
8.141841520022299665e+04
8.165294541107380064e+04
8.188831598927821324e+04
8.212438666037080111e+04
8.236101852151605999e+04
8.259822231554276368e+04
8.283615469171293080e+04
8.307495170540169056e+04
8.331460500461624179e+04
8.355497232830527355e+04
8.379591088322852738e+04
8.403743448095713393e+04
8.427969875649940514e+04
8.452284022430040932e+04
8.476685476790099347e+04
8.501159623771812767e+04
8.525692009313017479e+04
8.550284256164240651e+04
8.574951686349850206e+04
8.599708228235757269e+04
8.624553765618111356e+04
8.649473217499195016e+04
8.674452173583107651e+04
8.699492314957975759e+04
8.724608716731965251e+04
8.749815774749683624e+04
8.775113453172592563e+04
8.800486270625324687e+04
8.825919997941932525e+04
8.851416143918628222e+04
8.876989668171276571e+04
8.902655510870717990e+04
8.928413498460089613e+04
8.954247932137039606e+04
8.980144766213053663e+04
9.006105148155194183e+04
9.032144139542136691e+04
9.058277158868216793e+04
9.084503758898517117e+04
9.110808252592654026e+04
9.137176643559020886e+04
9.163609643320001487e+04
9.190122634702887444e+04
9.216731331940449309e+04
9.243435013566083217e+04
9.270218190751857765e+04
9.297066697133699199e+04
9.323980876532485127e+04
9.350976569231871690e+04
9.378069557529014128e+04
9.405258981346903602e+04
9.432529621386472718e+04
9.459866921385400929e+04
9.487271041590378445e+04
9.514758280185484909e+04
9.542344303750009567e+04
9.570028333354811184e+04
9.597795347675091762e+04
9.625630264651964535e+04
9.653533289039359079e+04
9.681521041575992422e+04
9.709609005192293262e+04
9.737796701339032734e+04
9.766069119922727987e+04
9.794410653299075784e+04
9.822821733787827543e+04
9.851319086180678278e+04
9.879918084711222036e+04
9.908618685467971954e+04
9.937405660015223839e+04
9.966263010732400289e+04
9.995191464019111299e+04
1.002420763195011823e+05
1.005332696951271209e+05
1.008254986523556145e+05
1.011186068890959868e+05
1.014124327071461157e+05
1.017069855477679521e+05
1.020024290962382511e+05
1.022989210216042411e+05
1.025964681615805166e+05
1.028949095341883367e+05
1.031940838676300627e+05
1.034940008790800202e+05
1.037948218781870382e+05
1.040967094923694094e+05
1.043996713279949327e+05
1.047035424893413874e+05
1.050081634104103287e+05
1.053135417771708308e+05
1.056198379296729545e+05
1.059272201142309641e+05
1.062356945634447620e+05
1.065450943644514628e+05
1.068552615648192441e+05
1.071661999958084925e+05
1.074780712359939062e+05
1.077910483834164334e+05
1.081051350329835404e+05
1.084201645455333055e+05
1.087359791476881655e+05
1.090525781777828815e+05
1.093701266079659690e+05
1.096888004979351826e+05
1.100086009159409732e+05
