8.799500000000000000e+03
8.799500697361047060e+03
8.799501395316223352e+03
8.799502093827361023e+03
8.799502792292336380e+03
8.799503490157820124e+03
8.799504187476544757e+03
8.799504884855368800e+03
8.799505582842013609e+03
8.799506281366495386e+03
8.799506979814465012e+03
8.799507677650293772e+03
8.799508374956922125e+03
8.799509072354836462e+03
8.799509770372624189e+03
8.799510468908769326e+03
8.799511167338474479e+03
8.799511865144508192e+03
8.799512562440619149e+03
8.799513259858953461e+03
8.799513957907365693e+03
8.799514656454177384e+03
8.799515354864528490e+03
8.799516052640983617e+03
8.799516749927679484e+03
8.799517447367392379e+03
8.799518145446161725e+03
8.799518844002563128e+03
8.799519542392790754e+03
8.799520240139790985e+03
8.799520937418748872e+03
8.799521634880737111e+03
8.799522332989105053e+03
8.799523031553731926e+03
8.799523729922744678e+03
8.799524427640608337e+03
8.799525124913643594e+03
8.799525822398809396e+03
8.799526520536725002e+03
8.799527219108464124e+03
8.799527917454888666e+03
8.799528615144034120e+03
8.799529312412358195e+03
8.799530009921370947e+03
8.799530708088337633e+03
8.799531406665792019e+03
8.799532104988551509e+03
8.799532802649846417e+03
8.799533499914803542e+03
8.799534197448610939e+03
8.799534895644377684e+03
8.799535594226050307e+03
8.799536292524193414e+03
8.799536990158183471e+03
8.799537687421132432e+03
8.799538384980236515e+03
8.799539083204466806e+03
8.799539781788696928e+03
8.799540480061525159e+03
8.799541177669165336e+03
8.799541874931435814e+03
8.799542572516764267e+03
8.799543270768845105e+03
8.799543969354006549e+03
8.799544667600861430e+03
8.799545365182793830e+03
8.799546062445428106e+03
8.799546760058106884e+03
8.799547458337212447e+03
8.799548156921822738e+03
8.799548855142309549e+03
8.799549552699134438e+03
8.799550249963420356e+03
8.799550947604224348e+03
8.799551645909425133e+03
8.799552344492039992e+03
8.799553042685551191e+03
8.799553740217903396e+03
8.799554437485483504e+03
8.799555135155129392e+03
8.799555833485514086e+03
8.799556532064723797e+03
8.799557230230908317e+03
8.799557927739564548e+03
8.799558625012015909e+03
8.799559322711087589e+03
8.799560021065637557e+03
8.799560719640296156e+03
8.799561417778551913e+03
8.799562115263994201e+03
8.799562812542848405e+03
8.799563510271709674e+03
8.799564208649280772e+03
8.799564907218147710e+03
8.799565605327758021e+03
8.799566302790948612e+03
8.799567000077540797e+03
8.799567697836453590e+03
8.799568396236081753e+03
8.799569094798087463e+03
8.799569792878624867e+03
8.799570490320942554e+03
8.799571187617111718e+03
8.799571885406207002e+03
8.799572583827255585e+03
8.799573282380866658e+03
8.799573980431690870e+03
8.799574677854043330e+03
8.799575375160871772e+03
8.799576072980347817e+03
8.799576771421921876e+03
8.799577469965659475e+03
8.799578167986426706e+03
8.799578865390143619e+03
8.799579562708910089e+03
8.799580260558937880e+03
8.799580959019996953e+03
8.799581657552425895e+03
8.799582355543092490e+03
8.799583052929652695e+03
8.799583750261524983e+03
8.799584448142517431e+03
8.799585146622011962e+03
8.799585845141675236e+03
8.799586543102210271e+03
8.799587240472714257e+03
8.799587937818658247e+03
8.799588635730598980e+03
8.799589334227217478e+03
8.799590032732834516e+03
8.799590730663343493e+03
8.799591428018793522e+03
8.799592125379942445e+03
8.799592823323288030e+03
8.799593521835966385e+03
8.799594220326076538e+03
8.799594918226852315e+03
8.799595615568219728e+03
8.799596312946026956e+03
8.799597010920881075e+03
8.799597709447887610e+03
8.799598407921424950e+03
8.799599105792378396e+03
8.799599803120854631e+03
8.799600500516433385e+03
8.799601198522694176e+03
8.799601897062624630e+03
8.799602595518788803e+03
8.799603293360167299e+03
8.799603990676954709e+03
8.799604688091965727e+03
8.799605386129296676e+03
8.799606084680748609e+03
8.799606783118475505e+03
8.799607480930233578e+03
8.799608178236590902e+03
8.799608875672103750e+03
8.799609573740144697e+03
8.799610272301915757e+03
8.799610970720175828e+03
8.799611668502320754e+03
8.799612365799712279e+03
8.799613063257045724e+03
8.799613761355300085e+03
8.799614459926177005e+03
8.799615158324013464e+03
8.799615856076923592e+03
8.799616553366851804e+03
8.799617250846575189e+03
8.799617948974595492e+03
8.799618647553374103e+03
8.799619345929693736e+03
8.799620043653449102e+03
8.799620740937580194e+03
8.799621438440764905e+03
8.799622136598094585e+03
8.799622835183603456e+03
8.799623533537149342e+03
8.799624231232372040e+03
8.799624928512006591e+03
8.799625626039394774e+03
8.799626324225595454e+03
8.799627022816432145e+03
8.799627721146265685e+03
8.799628418813568715e+03
8.799629116090391108e+03
8.799629813642532099e+03
8.799630511857591046e+03
8.799631210452433152e+03
8.799631908757295605e+03
8.799632606397508425e+03
8.799633303672719194e+03
8.799634001250453366e+03
8.799634699493471999e+03
8.799635398090560557e+03
8.799636096369997176e+03
8.799636793983989264e+03
8.799637491258681621e+03
8.799638188863018513e+03
8.799638887133678509e+03
8.799639585731512852e+03
8.799640283984808775e+03
8.799640981573324098e+03
8.799641678848947777e+03
8.799642376480587700e+03
8.799643074778266964e+03
8.799643773375339151e+03
8.799644471602077829e+03
8.799645169165572952e+03
8.799645866443310297e+03
8.799646564103044511e+03
8.799647262426839006e+03
8.799647961021470110e+03
8.799648659220949412e+03
8.799649356760299270e+03
8.799650054041547264e+03
8.799650751730297998e+03
8.799651450079050846e+03
8.799652148669951202e+03
8.799652846841909195e+03
8.799653544357712235e+03
8.799654241644009744e+03
8.799654939362295409e+03
8.799655637734900665e+03
8.799656336320793343e+03
8.799657034464733442e+03
8.799657731957613578e+03
8.799658429250515837e+03
8.799659126998885768e+03
8.799659825394319341e+03
8.799660523974182070e+03
8.799661222089498551e+03
8.799661919560385286e+03
8.799662616861514834e+03
8.799663314640058161e+03
8.799664013057492411e+03
8.799664711629973681e+03
8.799665409716199065e+03
8.799666107166447546e+03
8.799666804477299593e+03
8.799667502286014496e+03
8.799668200724345297e+03
8.799668899288262764e+03
8.799669597344794965e+03
8.799670294775160073e+03
8.799670992097166163e+03
8.799671689936469193e+03
8.799672388395061716e+03
8.799673086948874698e+03
8.799673784975295348e+03
8.799674482387468743e+03
8.799675179721722088e+03
8.799675877591605968e+03
8.799676576069372459e+03
8.799677274611633038e+03
8.799677972607927586e+03
8.799678670002940635e+03
8.799679367350612665e+03
8.799680065251268388e+03
8.799680763747248420e+03
8.799681462276435923e+03
8.799682160242467944e+03
8.799682857621686708e+03
8.799683554983726935e+03
8.799684252915445541e+03
8.799684951428431305e+03
8.799685649943241515e+03
8.799686347879251116e+03
8.799687045243706962e+03
8.799687742621308644e+03
8.799688440584355703e+03
8.799689139112917474e+03
8.799689837611997064e+03
8.799690535518158867e+03
8.799691232869139640e+03
8.799691930263610629e+03
8.799692628258158948e+03
8.799693326800850627e+03
8.799694025283110022e+03
8.799694723159576824e+03
8.799695420497913801e+03
8.799696117910540124e+03
8.799696815936429630e+03
8.799697514491923357e+03
8.799698212956320276e+03
8.799698910803250328e+03
8.799699608130214983e+03
8.799700305562204449e+03
8.799701003619302355e+03
8.799701702186028342e+03
8.799702400631687851e+03
8.799703098448902892e+03
8.799703795765777613e+03
8.799704493218565403e+03
8.799705191306515189e+03
8.799705889883087366e+03
8.799706588308941718e+03
8.799707286096996540e+03
8.799707983405067353e+03
8.799708680879730309e+03
8.799709378997747990e+03
8.799710077583158636e+03
8.799710775988425667e+03
8.799711473747274795e+03
8.799712171048236996e+03
8.799712868545773745e+03
8.799713566693309986e+03
8.799714265286185764e+03
8.799714963669795907e+03
8.799715661399515739e+03
8.799716358694844530e+03
8.799717056216035417e+03
8.799717754392855568e+03
8.799718452992114180e+03
8.799719151352870540e+03
8.799719849054106817e+03
8.799720546345399271e+03
8.799721243891062841e+03
8.799721942096706698e+03
8.799722640701018463e+03
8.799723339037749611e+03
8.799724036711304507e+03
8.799724733999919408e+03
8.799725431570612272e+03
8.799726129804581433e+03
8.799726828412434770e+03
8.799727526724309428e+03
8.799728224370875978e+03
8.799728921658332183e+03
8.799729619254922000e+03
8.799730317516841751e+03
8.799731016126825125e+03
8.799731714412904694e+03
8.799732412033252331e+03
8.799733109320781296e+03
8.799733806944028402e+03
8.799734505233403979e+03
8.799735203843849376e+03
8.799735902103646367e+03
8.799736599698631835e+03
8.799737296987315858e+03
8.799737994637987867e+03
8.799738692954342696e+03
8.799739391563547542e+03
8.799740089796385291e+03
8.799740787366703444e+03
8.799741484657874025e+03
8.799742182336831320e+03
8.799742880679010341e+03
8.799743579285606756e+03
8.799744277491241519e+03
8.799744975037545373e+03
8.799745672332539471e+03
8.799746370040507827e+03
8.799747068407410552e+03
8.799747767009952440e+03
8.799748465187874899e+03
8.799749162710955716e+03
8.799749860011294004e+03
8.799750557748944630e+03
8.799751256139679754e+03
8.799751954736917469e+03
8.799752652886805663e+03
8.799753350387156388e+03
8.799754047694415931e+03
8.799754745462088977e+03
8.799755443875455967e+03
8.799756142466263555e+03
8.799756840587395345e+03
8.799757538066109191e+03
8.799758235381945269e+03
8.799758933180095482e+03
8.799759631615253966e+03
8.799760330198252632e+03
8.799761028290206013e+03
8.799761725748159733e+03
8.799762423073887476e+03
8.799763120902478477e+03
8.799763819358409819e+03
8.799764517932506351e+03
8.799765215994699247e+03
8.799765913433417154e+03
8.799766610770506304e+03
8.799767308629699983e+03
8.799768007105336437e+03
8.799768705669102928e+03
8.799769403701244300e+03
8.799770101121743210e+03
8.799770798471439775e+03
8.799771496361192476e+03
8.799772194855735506e+03
8.799772893407596712e+03
8.799773591409615619e+03
8.799774288813254316e+03
8.799774986176800667e+03
8.799775684097272460e+03
8.799776382609823486e+03
8.799777081148424259e+03
8.799777779120031482e+03
8.799778476508052336e+03
8.799779173886301578e+03
8.799779871837878090e+03
8.799780570367027394e+03
8.799781268890967112e+03
8.799781966832597391e+03
8.799782664206275513e+03
8.799783361600420903e+03
8.799784059583238559e+03
8.799784758127738314e+03
8.799785456635614537e+03
8.799786154547109618e+03
8.799786851907536402e+03
8.799787549318869424e+03
8.799788247333155596e+03
8.799788945891466938e+03
8.799789644382304687e+03
8.799790342264124774e+03
8.799791039612255190e+03
8.799791737041863598e+03
8.799792435087469130e+03
8.799793133658331499e+03
8.799793832130884766e+03
8.799794529983257235e+03
8.799795227320484628e+03
8.799795924769767225e+03
8.799796622846410173e+03
8.799797321428271971e+03
8.799798019881907749e+03
8.799798717704969022e+03
8.799799415032357501e+03
8.799800112502485717e+03
8.799800810609873224e+03
8.799801509201337467e+03
8.799802207634913430e+03
8.799802905428579834e+03
8.799803602747486366e+03
8.799804300239768054e+03
8.799804998377325319e+03
8.799805696976991385e+03
8.799806395389750833e+03
8.799807093154426184e+03
8.799807790466467850e+03
8.799808487981883445e+03
8.799809186148933804e+03
8.799809884756074098e+03
8.799810583146832869e+03
8.799811280882713618e+03
8.799811978189289221e+03
8.799812675728615432e+03
8.799813373924927873e+03
8.799814072537934408e+03
8.799814770905792102e+03
8.799815468613373014e+03
8.799816165916299724e+03
8.799816863480566099e+03
8.799817561705534899e+03
8.799818260323067079e+03
8.799818958666786784e+03
8.799819656346588090e+03
8.799820353647210140e+03
8.799821051236685889e+03
8.799821749489736249e+03
8.799822448110771802e+03
8.799823146429454937e+03
8.799823844082289725e+03
8.799824541382064126e+03
8.799825238997556880e+03
8.799825937278459605e+03
8.799826635901164991e+03
8.799827334193836577e+03
8.799828031820561591e+03
8.799828729120697972e+03
8.799829426762960793e+03
8.799830125071010116e+03
8.799830823693901038e+03
8.799831521960000828e+03
8.799832219561523743e+03
8.799832916863335413e+03
8.799833614533114087e+03
8.799834312867842527e+03
8.799835011489318276e+03
8.799835709728442453e+03
8.799836407305612738e+03
8.799837104610303868e+03
8.799837802308429673e+03
8.799838500668858615e+03
8.799839199287307565e+03
8.799839897498932260e+03
8.799840595052275603e+03
8.799841292360968509e+03
8.799841990088127204e+03
8.799842688473294402e+03
8.799843387087330484e+03
8.799844085271064614e+03
8.799844782801448673e+03
8.799845480115887767e+03
8.799846177872957924e+03
8.799846876281735604e+03
8.799847574890009128e+03
8.799848273045414317e+03
8.799848970553513936e+03
8.799849667875045270e+03
8.799850365662270633e+03
8.799851064093498280e+03
8.799851762694908757e+03
8.799852460821744899e+03
8.799853158308240381e+03
8.799853855638648383e+03
8.799854553456258145e+03
8.799855251908953505e+03
8.799855950502380438e+03
8.799856648599918117e+03
8.799857346066060927e+03
8.799858043406589786e+03
8.799858741254871347e+03
8.799859439727948484e+03
8.799860138311983974e+03
8.799860836379988541e+03
8.799861533826813684e+03
8.799862231179176888e+03
8.799862929058050213e+03
8.799863627550712408e+03
8.799864326124041327e+03
8.799865024161834299e+03
8.799865721590842440e+03
8.799866418956160487e+03
8.799867116865816570e+03
8.799867815376863291e+03
8.799868513938363321e+03
8.799869211945844654e+03
8.799869909358112636e+03
8.799870606737482376e+03
8.799871304677839362e+03
8.799872003206693989e+03
8.799872701754706213e+03
8.799873399731872269e+03
8.799874097128968060e+03
8.799874794523526361e+03
8.799875492494935315e+03
8.799876191040188132e+03
8.799876889573137305e+03
8.799877587520124507e+03
8.799878284903132226e+03
8.799878982313703091e+03
8.799879680316345912e+03
8.799880378876732721e+03
8.799881077393505620e+03
8.799881775310532248e+03
8.799882472680565115e+03
8.799883170108572813e+03
8.799883868142416759e+03
8.799884566716400514e+03
8.799885265215660183e+03
8.799885963103024551e+03
8.799886660461226711e+03
8.799887357907811747e+03
8.799888055973087830e+03
8.799888754559295194e+03
8.799889453040133958e+03
8.799890150898107095e+03
8.799890848245579036e+03
8.799891545712080188e+03
8.799892243808404601e+03
8.799892942405298527e+03
8.799893640866757778e+03
8.799894338695436090e+03
8.799895036033340148e+03
8.799895733520865178e+03
8.799896431647728605e+03
8.799897130253959403e+03
8.799897828695186035e+03
8.799898526494811449e+03
8.799899223824684668e+03
8.799899921334688770e+03
8.799900619491778343e+03
8.799901318105956307e+03
8.799902016525977160e+03
8.799902714296480553e+03
8.799903411619741746e+03
8.799904109152979800e+03
8.799904807339613399e+03
8.799905505960656228e+03
8.799906204358545438e+03
8.799906902100403386e+03
8.799907599418564132e+03
8.799908296976054771e+03
8.799908995191864960e+03
8.799909693818448432e+03
8.799910392193125517e+03
8.799911089906712732e+03
8.799911787221455597e+03
8.799912484803946427e+03
8.799913183047978237e+03
8.799913881678869075e+03
8.799914580029484569e+03
8.799915277715559569e+03
8.799915975028146931e+03
8.799916672636332805e+03
8.799917370908362500e+03
8.799918069542109151e+03
8.799918767867518909e+03
8.799919465526658314e+03
8.799920162838809119e+03
8.799920860473193898e+03
8.799921558772834032e+03
8.799922257408205041e+03
8.799922955707465007e+03
8.799923653340631063e+03
8.799924350653522197e+03
8.799925048314769811e+03
8.799925746641525620e+03
8.799926445276669256e+03
8.799927143549419270e+03
8.799927841157517832e+03
8.799928538472518994e+03
8.799929236161446170e+03
8.799929934514664637e+03
8.799930633148127527e+03
8.799931331393287110e+03
8.799932028977031223e+03
8.799932726295050088e+03
8.799933424012286196e+03
8.799934122390994162e+03
8.799934821021253811e+03
8.799935519238970301e+03
8.799936216799191243e+03
8.799936914121803056e+03
8.799937611868270324e+03
8.799938310271540104e+03
8.799939008897103122e+03
8.799939707086712588e+03
8.799940404624296207e+03
8.799941101952828831e+03
8.799941799729222112e+03
8.799942498156047805e+03
8.799943196775568140e+03
8.799943894936768629e+03
8.799944592452238794e+03
8.799945289788269292e+03
8.799945987594968756e+03
8.799946686043851514e+03
8.799947384655890346e+03
8.799948082788390820e+03
8.799948780282800726e+03
8.799949477627851593e+03
8.799950175464993663e+03
8.799950873935196796e+03
8.799951572538890105e+03
8.799952270642203075e+03
8.799952968116358534e+03
8.799953665471992281e+03
8.799954363339937117e+03
8.799955061830343766e+03
8.799955760424480104e+03
8.799956458497999847e+03
8.799957155952975882e+03
8.799957853320513095e+03
8.799958551219198853e+03
8.799959249728730356e+03
8.799959948311981861e+03
8.799960646355566496e+03
8.799961343792912885e+03
8.799962041173803300e+03
8.799962739103199056e+03
8.799963437630964108e+03
8.799964136201968358e+03
8.799964834215148585e+03
8.799965531636053129e+03
8.799966229031366311e+03
8.799966926991684886e+03
8.799967625536635751e+03
8.799968324093832052e+03
8.799969022076609690e+03
8.799969719482609435e+03
8.799970416893538641e+03
8.799971114884810959e+03
8.799971813445949010e+03
8.799972511987913094e+03
8.799973209940550078e+03
8.799973907332825547e+03
8.799974604760160219e+03
8.799975302782555445e+03
8.799976001358692884e+03
8.799976699884182381e+03
8.799977397806833324e+03
8.799978095186492283e+03
8.799978792631387478e+03
8.799979490685000201e+03
8.799980189274443546e+03
8.799980887782239733e+03
8.799981585675115639e+03
8.799982283043225834e+03
8.799982980506989406e+03
8.799983678591775970e+03
8.799984377193266482e+03
8.799985075682247043e+03
8.799985773545704433e+03
8.799986470903531881e+03
8.799987168387318889e+03
8.799987866503122859e+03
8.799988565114967059e+03
8.799989263584116998e+03
8.799989961418310486e+03
8.799990658766990236e+03
8.799991356272006669e+03
8.799992054418587941e+03
8.799992753039412491e+03
8.799993451488111532e+03
8.799994149293488590e+03
8.799994846634306668e+03
8.799995544161958605e+03
8.799996242338540469e+03
8.799996940967108458e+03
8.799997639394436192e+03
8.799998337171044113e+03
8.799999034505482996e+03
8.799999732056816356e+03
8.800000430262925875e+03
8.800001128897785748e+03
8.800001827302839956e+03
8.800002525050671466e+03
8.800003222380253646e+03
8.800003919956057871e+03
8.800004618191120244e+03
8.800005316831080563e+03
8.800006015212660714e+03
8.800006712932474329e+03
8.800007410258927848e+03
8.800008107859799566e+03
8.800008806123050817e+03
8.800009504767074759e+03
8.800010203124598775e+03
8.800010900816825597e+03
8.800011598141665672e+03
8.800012295768576223e+03
8.800012994059699849e+03
8.800013692706410438e+03
8.800014391038419490e+03
8.800015088703996298e+03
8.800015786028654475e+03
8.800016483681831232e+03
8.800017182000337925e+03
8.800017880648258142e+03
8.800018578954142868e+03
8.800019276593768154e+03
8.800019973919523181e+03
8.800020671599806519e+03
8.800021369945108745e+03
8.800022068592688811e+03
8.800022766871528802e+03
8.800023464486377634e+03
8.800024161814506442e+03
8.800024859522700353e+03
8.800025557894237863e+03
8.800026256539857059e+03
8.800026954791323078e+03
8.800027652381962980e+03
8.800028349713740681e+03
8.800029047450399958e+03
8.800029745847306913e+03
8.800030444489193542e+03
8.800031142712796282e+03
8.800031840280173128e+03
8.800032537616700210e+03
8.800033235382403291e+03
8.800033933803777472e+03
8.800034632440634596e+03
8.800035330635928403e+03
8.800036028180938956e+03
8.800036725523632413e+03
8.800037423319396112e+03
8.800038121764071548e+03
8.800038820394596769e+03
8.800039518561590739e+03
8.800040216084747954e+03
8.800040913435313996e+03
8.800041611261338403e+03
8.800042309728221881e+03
8.800043008351063690e+03
8.800043706489224860e+03
8.800044403991614672e+03
8.800045101351428457e+03
8.800045799208295648e+03
8.800046497696073857e+03
8.800047196310068102e+03
8.800047894418910801e+03
8.800048591901277177e+03
8.800049289271930320e+03
8.800049987159563898e+03
8.800050685667181824e+03
8.800051384271115239e+03
8.800052082350353885e+03
8.800052779813942834e+03
8.800053477196748645e+03
8.800054175115215912e+03
8.800054873641809536e+03
8.800055572234572537e+03
8.800056270283774211e+03
8.800056967729748067e+03
8.800057665126321808e+03
8.800058363075571833e+03
8.800059061619953354e+03
8.800059760200208984e+03
8.800060458219088105e+03
8.800061155648963904e+03
8.800061853060227804e+03
8.800062551040457038e+03
8.800063249601829739e+03
8.800063948168095521e+03
8.800064646156479284e+03
8.800065343571466656e+03
8.800066040998688550e+03
8.800066739009962475e+03
8.800067437587094901e+03
8.800068136137984766e+03
8.800068834096095088e+03
8.800069531497632852e+03
8.800070228941720416e+03
8.800070926983824393e+03
8.800071625575572398e+03
8.800072324109682086e+03
8.800073022037775445e+03
8.800073719427040487e+03
8.800074416889066924e+03
8.800075114962426596e+03
8.800075813567331352e+03
8.800076512083436683e+03
8.800077209981820488e+03
8.800077907359986057e+03
8.800078604840982734e+03
8.800079302945459858e+03
8.800080001562007965e+03
8.800080700059150331e+03
8.800081397928257502e+03
8.800082095296467742e+03
8.800082792797618822e+03
8.800083490932986024e+03
8.800084189559849619e+03
8.800084888037055862e+03
8.800085585876982805e+03
8.800086283236274539e+03
8.800086980758924255e+03
8.800087678924948705e+03
8.800088377560425215e+03
8.800089076016607578e+03
8.800089773827699901e+03
8.800090471179604720e+03
8.800091168724971794e+03
8.800091866921009569e+03
8.800092565563774770e+03
8.800093263998436669e+03
8.800093961780801692e+03
8.800094659126574697e+03
8.800095356695763257e+03
8.800096054921285031e+03
8.800096753570183864e+03
8.800097451982266648e+03
8.800098149736368214e+03
8.800098847077646496e+03
8.800099544671558760e+03
8.800100242925975181e+03
8.800100941579639766e+03
8.800101639968288509e+03
8.800102337694383095e+03
8.800103035032750995e+03
8.800103732652056351e+03
8.800104430934661650e+03
8.800105129591791410e+03
8.800105827955960194e+03
8.800106525654646248e+03
8.800107222991722665e+03
8.800107920637190546e+03
8.800108618947360810e+03
8.800109317606731565e+03
8.800110015945378109e+03
8.800110713617445072e+03
8.800111410954525127e+03
8.800112108626795816e+03
8.800112806964114498e+03
8.800113505624562094e+03
8.800114203936907870e+03
8.800114901583174287e+03
8.800115598921824130e+03
8.800116296621214133e+03
8.800116994985059137e+03
8.800117693644819155e+03
8.800118391929967402e+03
8.800119089551364596e+03
8.800119786892857519e+03
8.800120484620178104e+03
8.800121183010058303e+03
8.800121881667560956e+03
8.800122579925206082e+03
8.800123277522727221e+03
8.800123974868116420e+03
8.800124672623887818e+03
8.800125371039001038e+03
8.800126069692822057e+03
8.800126767922365616e+03
8.800127465497011144e+03
8.800128162847709973e+03
8.800128860632661599e+03
8.800129559071943731e+03
8.800130257720229565e+03
8.800130955921507848e+03
8.800131653473848928e+03
8.800132350831143413e+03
8.800133048646170209e+03
8.800133747108695388e+03
8.800134445750085433e+03
8.800135143922881980e+03
8.800135841453786270e+03
8.800136538818926056e+03
8.800137236664531883e+03
8.800137935148906763e+03
8.800138633782420584e+03
8.800139331926229715e+03
8.800140029436504847e+03
8.800140726811303466e+03
8.800141424687706603e+03
8.800142123192941654e+03
8.800142821817255026e+03
8.800143519931798437e+03
8.800144217422339352e+03
8.800144914807988243e+03
8.800145612715346942e+03
8.800146311240185241e+03
8.800147009854059434e+03
8.800147707938833264e+03
8.800148405410740452e+03
8.800149102809064061e+03
8.800149800747387417e+03
8.800150499290790322e+03
8.800151197893086646e+03
8.800151895947934463e+03
8.800152593402664934e+03
8.800153290814843785e+03
8.800153988784171815e+03
8.800154687345224374e+03
8.800155385934831429e+03
8.800156083959416719e+03
8.800156781397978193e+03
8.800157478825356520e+03
8.800158176825521878e+03
8.800158875403123602e+03
8.800159573978622575e+03
8.800160271972677947e+03
8.800160969396793007e+03
8.800161666840336693e+03
8.800162364871390309e+03
8.800163063464508014e+03
8.800163762024381867e+03
8.800164459988080125e+03
8.800165157398992960e+03
8.800165854859729734e+03
8.800166552921615221e+03
8.800167251528939232e+03
8.800167950071709129e+03
8.800168648005350406e+03
8.800169345404285195e+03
8.800170042883346468e+03
8.800170740976318484e+03
8.800171439596540949e+03
8.800172138121035459e+03
8.800172836024898061e+03
8.800173533413259065e+03
8.800174230911505219e+03
8.800174929035576497e+03
8.800175627667236768e+03
8.800176326172362678e+03
8.800177024046839506e+03
8.800177721425459822e+03
8.800178418944147779e+03
8.800179117098970892e+03
8.800179815740604681e+03
8.800180514225477964e+03
8.800181212071152913e+03
8.800181909441420430e+03
8.800182606981887147e+03
8.800183305167347498e+03
8.800184003817385019e+03
8.800184702281061618e+03
8.800185400097889215e+03
8.800186097460935343e+03
8.800186795024204912e+03
8.800187493239725882e+03
8.800188191896688295e+03
8.800188890338587953e+03
8.800189588127021125e+03
8.800190285484241031e+03
8.800190983071432129e+03
8.800191681316431641e+03
8.800192379978965619e+03
8.800193078398149737e+03
8.800193776158335822e+03
8.800194473511299293e+03
8.800195171123476030e+03
8.800195869397108254e+03
8.800196568064135136e+03
8.800197266459601451e+03
8.800197964192095242e+03
