4.000000000000000222e-01 1.200000000000000000e+01 6.396021175493052269e+00
3.560000000000000386e-01 1.200000000000000000e+01 5.066455742624477843e+00
3.120000000000000551e-01 1.800000000000000000e+01 4.128973198621663343e+00
2.680000000000000160e-01 1.800000000000000000e+01 4.372817744598012979e+00
2.239999999999999769e-01 2.400000000000000000e+01 1.346148845017543394e+00
1.799999999999999933e-01 3.000000000000000000e+01 1.319022636366407708e+00
1.360000000000000098e-01 4.200000000000000000e+01 3.954155545434273833e+00
9.200000000000001232e-02 6.000000000000000000e+01 3.386498403278537683e+00
4.800000000000000794e-02 1.200000000000000000e+02 5.356365330600655339e-01
4.000000000000000083e-03 1.500000000000000000e+03 1.908400915641033105e-06
