8.799500000000000000e+03
8.799500000000138243e+03
8.799500000000334694e+03
8.799500000000447471e+03
8.799500000000483851e+03
8.799500000000567525e+03
8.799500000000676664e+03
8.799500000000636646e+03
8.799500000000622094e+03
8.799500000000638465e+03
8.799500000000647560e+03
8.799500000000718501e+03
8.799500000000727596e+03
8.799500000000758519e+03
8.799500000000831278e+03
8.799500000000987711e+03
8.799500000001007720e+03
8.799500000001062290e+03
8.799500000001104127e+03
8.799500000001073204e+03
8.799500000001127773e+03
8.799500000001135049e+03
8.799500000001167791e+03
8.799500000001244189e+03
8.799500000001244189e+03
8.799500000001258741e+03
8.799500000001282388e+03
8.799500000001349690e+03
8.799500000001376975e+03
8.799500000001524313e+03
8.799500000001578883e+03
8.799500000001702574e+03
8.799500000001778972e+03
8.799500000001789886e+03
8.799500000001820808e+03
8.799500000001855369e+03
8.799500000001784429e+03
8.799500000001786248e+03
8.799500000001757144e+03
8.799500000001753506e+03
8.799500000001697117e+03
8.799500000001658918e+03
8.799500000001671651e+03
8.799500000001688022e+03
8.799500000001731678e+03
8.799500000001782610e+03
8.799500000001677108e+03
8.799500000001680746e+03
8.799500000001691660e+03
8.799500000001731678e+03
8.799500000001811713e+03
8.799500000001760782e+03
8.799500000001891749e+03
8.799500000001893568e+03
8.799500000001919034e+03
8.799500000002060915e+03
8.799500000002131856e+03
8.799500000002191882e+03
8.799500000002282832e+03
8.799500000002390152e+03
8.799500000002435627e+03
8.799500000002595698e+03
8.799500000002648449e+03
8.799500000002688466e+03
8.799500000002619345e+03
8.799500000002757588e+03
8.799500000002946763e+03
8.799500000002870365e+03
8.799500000002894012e+03
8.799500000003034074e+03
8.799500000002977686e+03
8.799500000003112291e+03
8.799500000003099558e+03
8.799500000003075911e+03
8.799500000003048626e+03
8.799500000003086825e+03
8.799500000003137757e+03
8.799500000003088644e+03
8.799500000003179593e+03
8.799500000003245077e+03
8.799500000003445166e+03
8.799500000003421519e+03
8.799500000003625246e+03
8.799500000003650712e+03
8.799500000003719833e+03
8.799500000003685273e+03
8.799500000003681635e+03
8.799500000003630703e+03
8.799500000003656169e+03
8.799500000003790774e+03
8.799500000003765308e+03
8.799500000003819878e+03
8.799500000003841706e+03
8.799500000003867171e+03
8.799500000003883542e+03
8.799500000003974492e+03
8.799500000004056346e+03
8.799500000004154572e+03
8.799500000004218236e+03
8.799500000004416506e+03
8.799500000004454705e+03
8.799500000004481990e+03
8.799500000004509275e+03
8.799500000004512913e+03
8.799500000004647518e+03
8.799500000004758476e+03
8.799500000004829417e+03
8.799500000004809408e+03
8.799500000004793037e+03
8.799500000004882168e+03
8.799500000004929461e+03
8.799500000004991307e+03
8.799500000004989488e+03
8.799500000005078618e+03
8.799500000005160473e+03
8.799500000005114998e+03
8.799500000005324182e+03
8.799500000005333277e+03
8.799500000005289621e+03
8.799500000005396942e+03
8.799500000005351467e+03
8.799500000005366019e+03
8.799500000005382390e+03
8.799500000005369657e+03
8.799500000005427864e+03
8.799500000005466063e+03
8.799500000005547918e+03
8.799500000005617039e+03
8.799500000005671609e+03
8.799500000005757101e+03
8.799500000005895345e+03
8.799500000005900802e+03
8.799500000006002665e+03
8.799500000006062692e+03
8.799500000006009941e+03
8.799500000006026312e+03
8.799500000006104528e+03
8.799500000006104528e+03
8.799500000006117261e+03
8.799500000006200935e+03
8.799500000006237315e+03
8.799500000006237315e+03
8.799500000006122718e+03
8.799500000006153641e+03
8.799500000006239134e+03
8.799500000006408300e+03
8.799500000006468326e+03
8.799500000006435585e+03
8.799500000006326445e+03
8.799500000006310074e+03
8.799500000006297341e+03
8.799500000006291884e+03
8.799500000006328264e+03
8.799500000006220944e+03
8.799500000006304617e+03
8.799500000006439222e+03
8.799500000006519258e+03
8.799500000006473783e+03
8.799500000006682967e+03
8.799500000006828486e+03
8.799500000006824848e+03
8.799500000006824848e+03
8.799500000006763003e+03
8.799500000006712071e+03
8.799500000006792106e+03
8.799500000006815753e+03
8.799500000006877599e+03
8.799500000006924893e+03
8.799500000006974005e+03
8.799500000006950359e+03
8.799500000007039489e+03
8.799500000007137714e+03
8.799500000007225026e+03
8.799500000007268682e+03
8.799500000007365088e+03
8.799500000007330527e+03
8.799500000007394192e+03
8.799500000007281415e+03
8.799500000007243216e+03
8.799500000007323251e+03
8.799500000007403287e+03
8.799500000007472408e+03
8.799500000007510607e+03
8.799500000007608833e+03
8.799500000007628842e+03
8.799500000007699782e+03
8.799500000007632480e+03
8.799500000007657945e+03
8.799500000007667040e+03
8.799500000007674316e+03
8.799500000007687049e+03
8.799500000007774361e+03
8.799500000007936251e+03
8.799500000007925337e+03
8.799500000008014467e+03
8.799500000008107236e+03
8.799500000008147254e+03
8.799500000008256393e+03
8.799500000008507413e+03
8.799500000008603820e+03
8.799500000008698407e+03
8.799500000008731149e+03
8.799500000008823918e+03
8.799500000008905772e+03
8.799500000008898496e+03
8.799500000008951247e+03
8.799500000008949428e+03
8.799500000009003998e+03
8.799500000008996722e+03
8.799500000009013092e+03
8.799500000009031282e+03
8.799500000008960342e+03
8.799500000009071300e+03
8.799500000009125870e+03
8.799500000009213181e+03
8.799500000009280484e+03
8.799500000009396899e+03
8.799500000009476935e+03
8.799500000009469659e+03
8.799500000009506039e+03
8.799500000009655196e+03
8.799500000009664291e+03
8.799500000009727955e+03
8.799500000009773430e+03
8.799500000009917130e+03
8.799500000010011718e+03
8.799500000010102667e+03
8.799500000010108124e+03
8.799500000010168151e+03
8.799500000010251824e+03
8.799500000010411895e+03
8.799500000010533768e+03
8.799500000010488293e+03
8.799500000010579242e+03
8.799500000010648364e+03
8.799500000010570147e+03
8.799500000010637450e+03
8.799500000010626536e+03
8.799500000010659278e+03
8.799500000010748408e+03
8.799500000010863005e+03
8.799500000010933945e+03
8.799500000010895747e+03
8.799500000011012162e+03
8.799500000011064913e+03
8.799500000011157681e+03
8.799500000011197699e+03
8.799500000011328666e+03
8.799500000011448719e+03
8.799500000011546945e+03
8.799500000011714292e+03
8.799500000011854354e+03
8.799500000011932570e+03
8.799500000012090823e+03
8.799500000012136297e+03
8.799500000012172677e+03
8.799500000012290911e+03
8.799500000012285454e+03
8.799500000012279997e+03
8.799500000012329110e+03
8.799500000012409146e+03
8.799500000012432793e+03
8.799500000012514647e+03
8.799500000012525561e+03
8.799500000012591045e+03
8.799500000012540113e+03
8.799500000012620148e+03
8.799500000012687451e+03
8.799500000012663804e+03
8.799500000012694727e+03
8.799500000012856617e+03
8.799500000012942110e+03
8.799500000012982127e+03
8.799500000013125828e+03
8.799500000013045792e+03
8.799500000013127647e+03
8.799500000013240424e+03
8.799500000013114914e+03
8.799500000013111276e+03
8.799500000013194949e+03
8.799500000013405952e+03
8.799500000013513272e+03
8.799500000013589670e+03
8.799500000013584213e+03
8.799500000013704266e+03
8.799500000013682438e+03
8.799500000013724275e+03
8.799500000013798854e+03
8.799500000013922545e+03
8.799500000013909812e+03
8.799500000014049874e+03
8.799500000014075340e+03
8.799500000014217221e+03
8.799500000014320904e+03
8.799500000014297257e+03
8.799500000014297257e+03
8.799500000014457328e+03
8.799500000014479156e+03
8.799500000014382749e+03
8.799500000014410034e+03
8.799500000014586476e+03
8.799500000014624675e+03
8.799500000014653779e+03
8.799500000014595571e+03
8.799500000014506440e+03
8.799500000014260877e+03
8.799500000014253601e+03
8.799500000014144462e+03
8.799500000014228135e+03
8.799500000014233592e+03
8.799500000014168108e+03
8.799500000014224497e+03
8.799500000014253601e+03
8.799500000014269972e+03
8.799500000014293619e+03
8.799500000014393663e+03
8.799500000014395482e+03
8.799500000014413672e+03
8.799500000014470061e+03
8.799500000014511897e+03
8.799500000014453690e+03
8.799500000014435500e+03
8.799500000014391844e+03
8.799500000014446414e+03
8.799500000014513716e+03
8.799500000014608304e+03
8.799500000014726538e+03
8.799500000014781108e+03
8.799500000014946636e+03
8.799500000015017577e+03
8.799500000015037585e+03
8.799500000015061232e+03
8.799500000015110345e+03
8.799500000015139449e+03
8.799500000015086698e+03
8.799500000015130354e+03
8.799500000015073965e+03
8.799500000015172191e+03
8.799500000015281330e+03
8.799500000015186743e+03
8.799500000015352271e+03
8.799500000015321348e+03
8.799500000015326805e+03
8.799500000015419573e+03
8.799500000015479600e+03
8.799500000015495971e+03
8.799500000015697879e+03
8.799500000015810656e+03
8.799500000015807018e+03
8.799500000015879777e+03
8.799500000015947080e+03
8.799500000015885234e+03
8.799500000015976184e+03
8.799500000015996193e+03
8.799500000015992555e+03
8.799500000015967089e+03
8.799500000015914338e+03
8.799500000015943442e+03
8.799500000016058038e+03
8.799500000016096237e+03
8.799500000016221748e+03
8.799500000016316335e+03
8.799500000016436388e+03
8.799500000016480044e+03
8.799500000016563718e+03
8.799500000016658305e+03
8.799500000016691047e+03
8.799500000016731065e+03
8.799500000016891136e+03
8.799500000016889317e+03
8.799500000016891136e+03
8.799500000016945705e+03
8.799500000016898412e+03
8.799500000017003913e+03
8.799500000017020284e+03
8.799500000017114871e+03
8.799500000017185812e+03
8.799500000017142156e+03
8.799500000017236744e+03
8.799500000017265847e+03
8.799500000017320417e+03
8.799500000017480488e+03
8.799500000017558705e+03
8.799500000017502316e+03
8.799500000017558705e+03
8.799500000017496859e+03
8.799500000017533239e+03
8.799500000017591447e+03
8.799500000017747880e+03
8.799500000017889761e+03
8.799500000017817001e+03
8.799500000017796992e+03
8.799500000017764251e+03
8.799500000017857019e+03
8.799500000017957063e+03
8.799500000018104402e+03
8.799500000018240826e+03
8.799500000018131686e+03
8.799500000018335413e+03
8.799500000018408173e+03
8.799500000018391802e+03
8.799500000018488208e+03
8.799500000018477294e+03
8.799500000018530045e+03
8.799500000018537321e+03
8.799500000018571882e+03
8.799500000018555511e+03
8.799500000018637365e+03
8.799500000018708306e+03
8.799500000018721039e+03
8.799500000018753781e+03
8.799500000018899300e+03
8.799500000018868377e+03
8.799500000018826540e+03
8.799500000018835635e+03
8.799500000018790161e+03
8.799500000018753781e+03
8.799500000018788342e+03
8.799500000018833816e+03
8.799500000018835635e+03
8.799500000018986611e+03
8.799500000019083018e+03
8.799500000019123036e+03
8.799500000018975697e+03
8.799500000018944775e+03
8.799500000019052095e+03
8.799500000019117579e+03
8.799500000019170329e+03
8.799500000019254003e+03
8.799500000019246727e+03
8.799500000019277650e+03
8.799500000019259460e+03
8.799500000019192157e+03
8.799500000019193976e+03
8.799500000019197614e+03
8.799500000019261279e+03
8.799500000019408617e+03
8.799500000019634172e+03
8.799500000019579602e+03
8.799500000019686922e+03
8.799500000019785148e+03
8.799500000019750587e+03
8.799500000019788786e+03
8.799500000019757863e+03
8.799500000019828803e+03
8.799500000019892468e+03
8.799500000019997970e+03
8.799500000019992513e+03
8.799500000020067091e+03
8.799500000020072548e+03
8.799500000020125299e+03
8.799500000020241714e+03
8.799500000020289008e+03
8.799500000020390871e+03
8.799500000020425432e+03
8.799500000020412699e+03
8.799500000020409061e+03
8.799500000020496373e+03
8.799500000020500011e+03
8.799500000020376319e+03
8.799500000020447260e+03
8.799500000020532752e+03
8.799500000020618245e+03
8.799500000020638254e+03
8.799500000020714651e+03
8.799500000020781954e+03
8.799500000020867446e+03
8.799500000020812877e+03
8.799500000020905645e+03
8.799500000020983862e+03
8.799500000020978405e+03
8.799500000021093001e+03
8.799500000021089363e+03
8.799500000021140295e+03
8.799500000021160304e+03
8.799500000021238520e+03
8.799500000021267624e+03
8.799500000021260348e+03
8.799500000021402229e+03
8.799500000021498636e+03
8.799500000021478627e+03
8.799500000021471351e+03
8.799500000021491360e+03
8.799500000021538654e+03
8.799500000021547748e+03
8.799500000021698725e+03
8.799500000021846063e+03
8.799500000021893356e+03
8.799500000021980668e+03
8.799500000022064341e+03
8.799500000022155291e+03
8.799500000022217137e+03
8.799500000022344466e+03
8.799500000022355380e+03
8.799500000022357199e+03
8.799500000022373570e+03
8.799500000022451786e+03
8.799500000022444510e+03
8.799500000022495442e+03
8.799500000022570021e+03
8.799500000022671884e+03
8.799500000022748281e+03
8.799500000022864697e+03
8.799500000022981112e+03
8.799500000022930180e+03
8.799500000022842869e+03
8.799500000022846507e+03
8.799500000022961103e+03
8.799500000023021130e+03
8.799500000023053872e+03
8.799500000023122993e+03
8.799500000023066605e+03
8.799500000023112079e+03
8.799500000023101165e+03
8.799500000023159373e+03
8.799500000023084795e+03
8.799500000023093889e+03
8.799500000023192115e+03
8.799500000023210305e+03
8.799500000023261236e+03
8.799500000023195753e+03
8.799500000023246685e+03
8.799500000023275788e+03
8.799500000023359462e+03
8.799500000023439497e+03
8.799500000023526809e+03
8.799500000023554094e+03
8.799500000023606844e+03
8.799500000023650500e+03
8.799500000023761459e+03
8.799500000023876055e+03
8.799500000023963366e+03
8.799500000023914254e+03
8.799500000023974280e+03
8.799500000024017936e+03
8.799500000024119799e+03
8.799500000024147084e+03
8.799500000024225301e+03
8.799500000024210749e+03
8.799500000024314431e+03
8.799500000024328983e+03
8.799500000024398105e+03
8.799500000024563633e+03
8.799500000024556357e+03
8.799500000024643668e+03
8.799500000024640030e+03
8.799500000024616384e+03
8.799500000024789188e+03
8.799500000024756446e+03
8.799500000024927431e+03
8.799500000025032932e+03
8.799500000024976544e+03
8.799500000025032932e+03
8.799500000025131158e+03
8.799500000025198460e+03
8.799500000025345798e+03
8.799500000025309419e+03
8.799500000025294867e+03
8.799500000025365807e+03
8.799500000025378540e+03
8.799500000025414920e+03
8.799500000025576810e+03
8.799500000025585905e+03
8.799500000025622285e+03
8.799500000025665940e+03
8.799500000025760528e+03
8.799500000025785994e+03
8.799500000025891495e+03
8.799500000025907866e+03
8.799500000025918780e+03
8.799500000026017005e+03
8.799500000026149792e+03
8.799500000026204361e+03
8.799500000026297130e+03
8.799500000026397174e+03
8.799500000026453563e+03
8.799500000026464477e+03
8.799500000026548150e+03
8.799500000026630005e+03
8.799500000026782800e+03
8.799500000026800990e+03
8.799500000026724592e+03
8.799500000026651833e+03
8.799500000026746420e+03
8.799500000026766429e+03
8.799500000026868292e+03
8.799500000027015631e+03
8.799500000027082933e+03
8.799500000027228452e+03
8.799500000027306669e+03
8.799500000027293936e+03
8.799500000027339411e+03
8.799500000027346687e+03
8.799500000027417627e+03
8.799500000027461283e+03
8.799500000027514034e+03
8.799500000027517672e+03
8.799500000027577698e+03
8.799500000027686838e+03
8.799500000027841452e+03
8.799500000027876013e+03
8.799500000027950591e+03
8.799500000028008799e+03
8.799500000028067006e+03
8.799500000028116119e+03
8.799500000028137947e+03
8.799500000028170689e+03
8.799500000028172508e+03
8.799500000028252543e+03
8.799500000028318027e+03
8.799500000028276190e+03
8.799500000028332579e+03
8.799500000028372597e+03
8.799500000028447175e+03
8.799500000028498107e+03
8.799500000028621798e+03
8.799500000028619979e+03
8.799500000028716386e+03
8.799500000028772774e+03
8.799500000028772774e+03
8.799500000028787326e+03
8.799500000028814611e+03
8.799500000028823706e+03
8.799500000028927388e+03
8.799500000029009243e+03
8.799500000028974682e+03
8.799500000028991053e+03
8.799500000028972863e+03
8.799500000028974682e+03
8.799500000029025614e+03
8.799500000029089279e+03
8.799500000029129296e+03
8.799500000029254807e+03
8.799500000029429430e+03
8.799500000029520379e+03
8.799500000029624061e+03
8.799500000029638613e+03
8.799500000029513103e+03
8.799500000029571311e+03
8.799500000029684088e+03
8.799500000029780495e+03
8.799500000029785951e+03
8.799500000029880539e+03
8.799500000029931471e+03
8.799500000030055162e+03
8.799500000030006049e+03
8.799500000030071533e+03
8.799500000030218871e+03
8.799500000030237061e+03
8.799500000030355295e+03
8.799500000030435331e+03
8.799500000030484443e+03
8.799500000030566298e+03
8.799500000030773663e+03
8.799500000030860974e+03
8.799500000030899173e+03
8.799500000030897354e+03
8.799500000031066520e+03
8.799500000031146556e+03
8.799500000031168383e+03
8.799500000031186573e+03
8.799500000031184754e+03
8.799500000031181116e+03
8.799500000031221134e+03
8.799500000031377567e+03
8.799500000031526724e+03
8.799500000031648597e+03
8.799500000031599484e+03
8.799500000031643140e+03
8.799500000031737727e+03
8.799500000031810487e+03
8.799500000031819582e+03
8.799500000031743184e+03
8.799500000031715899e+03
8.799500000031923264e+03
8.799500000031921445e+03
8.799500000031921445e+03
8.799500000032021489e+03
8.799500000032025127e+03
8.799500000031976015e+03
8.799500000031926902e+03
8.799500000032050593e+03
8.799500000032079697e+03
8.799500000032070602e+03
8.799500000032108801e+03
8.799500000032234311e+03
8.799500000032321623e+03
8.799500000032363459e+03
8.799500000032279786e+03
8.799500000032343451e+03
8.799500000032328899e+03
8.799500000032419848e+03
8.799500000032507160e+03
8.799500000032589014e+03
8.799500000032661774e+03
8.799500000032694516e+03
8.799500000032814569e+03
8.799500000032856406e+03
8.799500000032843673e+03
8.799500000032829121e+03
8.799500000032900061e+03
8.799500000033011020e+03
8.799500000032976459e+03
8.799500000033109245e+03
8.799500000033165634e+03
8.799500000033091055e+03
8.799500000033114702e+03
8.799500000033156539e+03
8.799500000033287506e+03
8.799500000033393007e+03
8.799500000033505785e+03
8.799500000033604010e+03
8.799500000033693141e+03
8.799500000033638571e+03
8.799500000033620381e+03
8.799500000033589458e+03
8.799500000033596734e+03
8.799500000033705874e+03
8.799500000033740434e+03
8.799500000033753167e+03
8.799500000033820470e+03
8.799500000033904143e+03
8.799500000033913238e+03
8.799500000033871402e+03
8.799500000034042387e+03
8.799500000034087861e+03
8.799500000034086042e+03
8.799500000034180630e+03
8.799500000034282493e+03
8.799500000034244295e+03
8.799500000034369805e+03
8.799500000034448021e+03
8.799500000034429831e+03
8.799500000034500772e+03
8.799500000034466211e+03
8.799500000034542609e+03
8.799500000034640834e+03
8.799500000034713594e+03
8.799500000034760888e+03
8.799500000034848199e+03
8.799500000034833647e+03
8.799500000034968252e+03
8.799500000034910045e+03
8.799500000034890036e+03
8.799500000034864570e+03
8.799500000035019184e+03
8.799500000035048288e+03
8.799500000035011908e+03
8.799500000035139237e+03
8.799500000035308403e+03
8.799500000035310222e+03
8.799500000035264748e+03
8.799500000035517587e+03
8.799500000035672201e+03
8.799500000035697667e+03
8.799500000035710400e+03
8.799500000035775884e+03
8.799500000035837729e+03
8.799500000035812263e+03
8.799500000035934136e+03
8.799500000035972334e+03
8.799500000036005076e+03
8.799500000036014171e+03
8.799500000036114216e+03
8.799500000036214260e+03
8.799500000036405254e+03
8.799500000036548954e+03
8.799500000036519850e+03
8.799500000036434358e+03
8.799500000036474376e+03
8.799500000036545316e+03
8.799500000036528945e+03
8.799500000036587153e+03
8.799500000036690835e+03
8.799500000036732672e+03
8.799500000036769052e+03
8.799500000036772690e+03
8.799500000036772690e+03
8.799500000036710844e+03
8.799500000036787242e+03
8.799500000036950951e+03
8.799500000036945494e+03
8.799500000036845449e+03
8.799500000036874553e+03
8.799500000036832716e+03
8.799500000036972779e+03
8.799500000037056452e+03
8.799500000037205609e+03
8.799500000037307473e+03
8.799500000037385689e+03
8.799500000037325663e+03
8.799500000037438440e+03
8.799500000037371137e+03
8.799500000037491191e+03
8.799500000037533027e+03
8.799500000037505743e+03
8.799500000037503924e+03
8.799500000037498467e+03
8.799500000037565769e+03
8.799500000037474820e+03
8.799500000037565769e+03
8.799500000037573045e+03
8.799500000037594873e+03
8.799500000037669452e+03
8.799500000037698555e+03
8.799500000037643986e+03
8.799500000037736754e+03
8.799500000037798600e+03
8.799500000037834980e+03
8.799500000037922291e+03
8.799500000038018698e+03
8.799500000038149665e+03
8.799500000038144208e+03
8.799500000038133294e+03
8.799500000038086000e+03
8.799500000038169674e+03
8.799500000038264261e+03
8.799500000038446160e+03
8.799500000038471626e+03
8.799500000038486178e+03
8.799500000038487997e+03
8.799500000038584403e+03
8.799500000038584403e+03
8.799500000038553480e+03
8.799500000038664439e+03
8.799500000038713551e+03
8.799500000038649887e+03
8.799500000038764483e+03
8.799500000038746293e+03
8.799500000038886355e+03
8.799500000038922735e+03
8.799500000038931830e+03
8.799500000038980943e+03
8.799500000039011866e+03
8.799500000039202860e+03
8.799500000039350198e+03
8.799500000039408405e+03
8.799500000039446604e+03
8.799500000039493898e+03
8.799500000039561201e+03
8.799500000039693987e+03
8.799500000039683073e+03
8.799500000039677616e+03
8.799500000039766746e+03
8.799500000039719453e+03
8.799500000039790393e+03
8.799500000039901352e+03
8.799500000039948645e+03
8.799500000039946826e+03
8.799500000040083250e+03
8.799500000040177838e+03
8.799500000040276063e+03
8.799500000040226951e+03
8.799500000040299710e+03
8.799500000040432496e+03
8.799500000040337909e+03
8.799500000040268787e+03
8.799500000040363375e+03
8.799500000040434315e+03
8.799500000040439772e+03
8.799500000040530722e+03
8.799500000040687155e+03
8.799500000040827217e+03
8.799500000040816303e+03
8.799500000040889063e+03
8.799500000041027306e+03
8.799500000041149178e+03
8.799500000041183739e+03
8.799500000041232852e+03
8.799500000041267413e+03
8.799500000041371095e+03
8.799500000041422027e+03
8.799500000041492967e+03
8.799500000041491148e+03
8.799500000041531166e+03
8.799500000041578460e+03
8.799500000041647581e+03
8.799500000041687599e+03
8.799500000041585736e+03
8.799500000041593012e+03
8.799500000041714884e+03
8.799500000041924068e+03
8.799500000041947715e+03
8.799500000041893145e+03
8.799500000041951353e+03
8.799500000042025931e+03
8.799500000042167812e+03
8.799500000042240572e+03
8.799500000042224201e+03
8.799500000042295142e+03
8.799500000042302418e+03
8.799500000042278771e+03
8.799500000042373358e+03
8.799500000042509782e+03
8.799500000042451575e+03
8.799500000042387910e+03
8.799500000042513420e+03
8.799500000042551619e+03
8.799500000042618922e+03
8.799500000042744432e+03
8.799500000042782631e+03
8.799500000042773536e+03
8.799500000042842657e+03
8.799500000042900865e+03
8.799500000042846295e+03
8.799500000042946340e+03
8.799500000042989996e+03
8.799500000043039108e+03
8.799500000043211912e+03
8.799500000043222826e+03
8.799500000043357431e+03
8.799500000043432010e+03
8.799500000043524778e+03
8.799500000043673936e+03
8.799500000043652108e+03
8.799500000043655746e+03
8.799500000043752152e+03
8.799500000043803084e+03
8.799500000043737600e+03
8.799500000043903128e+03
8.799500000043994078e+03
8.799500000044055923e+03
8.799500000044039552e+03
8.799500000044085027e+03
8.799500000044141416e+03
8.799500000044059561e+03
8.799500000044208718e+03
8.799500000044179615e+03
8.799500000044257831e+03
8.799500000044277840e+03
8.799500000044346962e+03
8.799500000044452463e+03
8.799500000044539775e+03
8.799500000044508852e+03
8.799500000044488843e+03
8.799500000044503395e+03
8.799500000044619810e+03
8.799500000044656190e+03
8.799500000044901753e+03
8.799500000044985427e+03
8.799500000045030902e+03
8.799500000044961780e+03
8.799500000045041816e+03
8.799500000045001798e+03
8.799500000044970875e+03
8.799500000045156412e+03
8.799500000045081833e+03
8.799500000045030902e+03
8.799500000045198249e+03
8.799500000045220077e+03
8.799500000045272827e+03
8.799500000045376510e+03
8.799500000045434717e+03
8.799500000045554771e+03
8.799500000045696652e+03
8.799500000045773049e+03
8.799500000045773049e+03
8.799500000045827619e+03
8.799500000045758497e+03
8.799500000045807610e+03
8.799500000045865818e+03
8.799500000045929482e+03
8.799500000046014975e+03
8.799500000046049536e+03
8.799500000046178684e+03
8.799500000046256901e+03
8.799500000046331479e+03
8.799500000046344212e+03
8.799500000046227797e+03
8.799500000046113200e+03
8.799500000046204150e+03
8.799500000046238711e+03
8.799500000046271452e+03
8.799500000046231435e+03
8.799500000046245987e+03
8.799500000046329660e+03
8.799500000046235073e+03
8.799500000046195055e+03
8.799500000046169589e+03
8.799500000046256901e+03
8.799500000046153218e+03
8.799500000046187779e+03
8.799500000046227797e+03
8.799500000046211426e+03
8.799500000046213245e+03
8.799500000046196874e+03
8.799500000046213245e+03
8.799500000046282366e+03
8.799500000046420610e+03
8.799500000046402420e+03
8.799500000046522473e+03
8.799500000046553396e+03
8.799500000046671630e+03
8.799500000046678906e+03
8.799500000046748028e+03
8.799500000046838977e+03
8.799500000046937203e+03
8.799500000046939022e+03
8.799500000047069989e+03
8.799500000047011781e+03
8.799500000047017238e+03
