4.000000000000000083e-03 4.000000000000000000e+03 1.410715766707443697e+00
4.800000000000000794e-02 3.200000000000000000e+02 1.190422418457395937e+00
9.200000000000001232e-02 1.600000000000000000e+02 2.124945028866584776e-02
1.360000000000000098e-01 1.120000000000000000e+02 2.084706407068137313e-01
1.799999999999999933e-01 8.000000000000000000e+01 9.661362911441661039e-01
2.239999999999999769e-01 6.400000000000000000e+01 8.883669781280382205e-01
2.680000000000000160e-01 4.800000000000000000e+01 2.980874472345330650e-01
3.120000000000000551e-01 4.800000000000000000e+01 3.384242344099381294e-01
3.560000000000000386e-01 3.200000000000000000e+01 2.373453594953434387e-01
4.000000000000000222e-01 3.200000000000000000e+01 6.518313485563951293e-01
