4.000000000000000083e-03 2.000000000000000000e+03 1.410715766707484997e+00
4.800000000000000794e-02 1.600000000000000000e+02 1.190437708836098674e+00
9.200000000000001232e-02 8.000000000000000000e+01 2.192118745341490108e-02
1.360000000000000098e-01 5.600000000000000000e+01 2.033660825709870668e-01
1.799999999999999933e-01 4.000000000000000000e+01 9.376083247179358704e-01
2.239999999999999769e-01 3.200000000000000000e+01 8.207247908198280761e-01
2.680000000000000160e-01 2.400000000000000000e+01 2.752892542676854126e-01
3.120000000000000551e-01 2.400000000000000000e+01 3.647479888978765739e-01
3.560000000000000386e-01 1.600000000000000000e+01 9.352166501940901988e-02
4.000000000000000222e-01 1.600000000000000000e+01 3.059955746308161140e-01
