4.000000000000000083e-03 8.000000000000000000e+03 1.410715766707443697e+00
4.800000000000000794e-02 6.400000000000000000e+02 1.190422418456747788e+00
9.200000000000001232e-02 3.200000000000000000e+02 2.124952795811827291e-02
1.360000000000000098e-01 2.240000000000000000e+02 2.084685941582915258e-01
1.799999999999999933e-01 1.600000000000000000e+02 9.662155772003028220e-01
2.239999999999999769e-01 1.280000000000000000e+02 8.887244091032623361e-01
2.680000000000000160e-01 9.600000000000000000e+01 2.984044691014992035e-01
3.120000000000000551e-01 9.600000000000000000e+01 3.380779919201319372e-01
3.560000000000000386e-01 6.400000000000000000e+01 2.369448717775187729e-01
4.000000000000000222e-01 6.400000000000000000e+01 6.433293480673308862e-01
