4.000000000000000222e-01 3.200000000000000000e+02 7.789691249914387772e-01
3.560000000000000386e-01 3.520000000000000000e+02 8.026705478004775296e-01
3.120000000000000551e-01 4.080000000000000000e+02 5.918145680532921338e-01
2.680000000000000160e-01 4.720000000000000000e+02 9.289610772594736332e-01
2.239999999999999769e-01 5.680000000000000000e+02 3.797148936709204836e-01
1.799999999999999933e-01 7.040000000000000000e+02 3.589046533831418140e-01
1.360000000000000098e-01 9.360000000000000000e+02 7.097812011941809773e-01
9.200000000000001232e-02 1.384000000000000000e+03 1.545725077166755501e-01
4.800000000000000794e-02 2.664000000000000000e+03 8.486592815797454614e-01
4.000000000000000083e-03 3.200000000000000000e+04 2.617219736666870613e-05
