4.000000000000000083e-03 5.000000000000000000e+02 1.413054010787290204e+00
4.800000000000000794e-02 4.000000000000000000e+01 8.338202400432239703e-01
9.200000000000001232e-02 2.000000000000000000e+01 2.812147793164824772e-01
1.360000000000000098e-01 1.400000000000000000e+01 1.233554061592503581e+00
1.799999999999999933e-01 1.000000000000000000e+01 1.509150332793538940e+00
2.239999999999999769e-01 8.000000000000000000e+00 8.903186626462304964e-01
2.680000000000000160e-01 6.000000000000000000e+00 4.599080141334725980e+00
3.120000000000000551e-01 6.000000000000000000e+00 4.647662519285647775e+00
3.560000000000000386e-01 4.000000000000000000e+00 1.914051769053792373e+00
4.000000000000000222e-01 4.000000000000000000e+00 7.823780037747450899e-01
