4.000000000000000222e-01 6.400000000000000000e+02 2.117939686492664175e-01
3.560000000000000386e-01 7.040000000000000000e+02 6.281967294065236851e-02
3.120000000000000551e-01 8.160000000000000000e+02 1.891178397133047584e-01
2.680000000000000160e-01 9.440000000000000000e+02 1.277966681449456132e+00
2.239999999999999769e-01 1.136000000000000000e+03 7.306593705964672947e-02
1.799999999999999933e-01 1.408000000000000000e+03 4.432173690866456073e-01
1.360000000000000098e-01 1.872000000000000000e+03 8.233658506282087730e-01
9.200000000000001232e-02 2.768000000000000000e+03 1.522941122344178833e-01
4.800000000000000794e-02 5.328000000000000000e+03 8.485094723857097287e-01
4.000000000000000083e-03 6.400000000000000000e+04 2.617219682820375276e-05
