4.000000000000000222e-01 1.280000000000000000e+03 1.900498022542801702e-01
3.560000000000000386e-01 1.408000000000000000e+03 5.172904691301598301e-02
3.120000000000000551e-01 1.632000000000000000e+03 1.780033338946549748e-01
2.680000000000000160e-01 1.888000000000000000e+03 1.283305396178586966e+00
2.239999999999999769e-01 2.272000000000000000e+03 7.067605833611249888e-02
1.799999999999999933e-01 2.816000000000000000e+03 4.438874577048436687e-01
1.360000000000000098e-01 3.744000000000000000e+03 8.233575709254411512e-01
9.200000000000001232e-02 5.536000000000000000e+03 1.522936704723776291e-01
4.800000000000000794e-02 1.065600000000000000e+04 8.485094726175108626e-01
4.000000000000000083e-03 1.280000000000000000e+05 2.617219682820375276e-05
