4.000000000000000083e-03 1.000000000000000000e+03 1.410716357779066898e+00
4.800000000000000794e-02 8.000000000000000000e+01 1.191558643969652165e+00
9.200000000000001232e-02 4.000000000000000000e+01 7.956447390519812146e-02
1.360000000000000098e-01 2.800000000000000000e+01 4.892704768191544762e-01
1.799999999999999933e-01 2.000000000000000000e+01 1.478883546494600854e+00
2.239999999999999769e-01 1.600000000000000000e+01 2.098922724976021836e+00
2.680000000000000160e-01 1.200000000000000000e+01 9.785960859742681706e-01
3.120000000000000551e-01 1.200000000000000000e+01 6.377289133726306014e-01
3.560000000000000386e-01 8.000000000000000000e+00 4.349603702377202730e+00
4.000000000000000222e-01 8.000000000000000000e+00 6.089940934603723655e+00
